7.304286584258079529e-03
1.424941606819629669e-02
2.081159129738807678e-02
2.685234695672988892e-02
3.228913620114326477e-02
3.708640113472938538e-02
4.124222695827484131e-02
4.478049650788307190e-02
4.774257540702819824e-02
5.017985403537750244e-02
5.214782059192657471e-02
5.370188504457473755e-02
5.489465966820716858e-02
5.577440559864044189e-02
5.638438090682029724e-02
5.676269903779029846e-02
5.694255232810974121e-02
5.695259943604469299e-02
5.681747198104858398e-02
5.655823647975921631e-02
5.619289726018905640e-02
5.573682487010955811e-02
5.520313978195190430e-02
5.460305139422416687e-02
5.394615605473518372e-02
5.324066430330276489e-02
5.249365791678428650e-02
5.171121656894683838e-02
5.089858546853065491e-02
5.006031319499015808e-02
4.920035228133201599e-02
5.689897760748863220e-02
5.602895468473434448e-02
5.517610535025596619e-02
4.990302026271820068e-02
5.630441382527351379e-02
5.793143063783645630e-02
5.760823562741279602e-02
5.722949281334877014e-02
5.678195506334304810e-02
5.624972656369209290e-02
5.561377480626106262e-02
5.485147982835769653e-02
5.393643677234649658e-02
5.283870175480842590e-02
5.152597650885581970e-02
4.996632412075996399e-02
4.813298210501670837e-02
4.601174220442771912e-02
4.361031949520111084e-02
4.096744582056999207e-02
3.815766423940658569e-02
3.528704494237899780e-02
3.247801586985588074e-02
3.256719931960105896e-02
3.616464138031005859e-02
3.942112997174263000e-02
4.227432981133460999e-02
4.470655322074890137e-02
4.673336818814277649e-02
4.839041456580162048e-02
4.972229897975921631e-02
5.077495425939559937e-02
5.159126222133636475e-02
5.220899358391761780e-02
5.266023054718971252e-02
5.297165364027023315e-02
5.316515639424324036e-02
5.325860902667045593e-02
5.326656252145767212e-02
5.320093035697937012e-02
5.307149887084960938e-02
5.288633704185485840e-02
5.265217274427413940e-02
5.237461626529693604e-02
5.205836147069931030e-02
5.170733481645584106e-02
5.132479220628738403e-02
5.091340839862823486e-02
5.047535151243209839e-02
5.001229792833328247e-02
4.952548816800117493e-02
4.901574552059173584e-02
4.848350584506988525e-02
4.792882874608039856e-02
4.735143482685089111e-02
4.675070196390151978e-02
4.612571001052856445e-02
4.153981059789657593e-02
4.087315499782562256e-02
3.280783072113990784e-02
3.210214525461196899e-02
3.136800602078437805e-02
3.060359880328178406e-02
2.980725467205047607e-02
2.897751517593860626e-02
2.811319380998611450e-02
2.721344493329524994e-02
2.627781778573989868e-02
2.530631050467491150e-02
2.510204724967479706e-02
2.537157759070396423e-02
2.561785466969013214e-02
2.583736181259155273e-02
2.602641284465789795e-02
2.618119865655899048e-02
2.629782631993293762e-02
2.637235820293426514e-02
2.640088088810443878e-02
2.637954801321029663e-02
2.634226717054843903e-02
2.641390264034271240e-02
2.640781737864017487e-02
2.632989734411239624e-02
2.618663199245929718e-02
2.598497271537780762e-02
2.573223225772380829e-02
2.543598599731922150e-02
2.510398812592029572e-02
2.474409528076648712e-02
2.436415292322635651e-02
2.414185926318168640e-02
2.453010529279708862e-02
2.487400546669960022e-02
2.517494931817054749e-02
2.401177585124969482e-02
2.426252327859401703e-02
2.483020164072513580e-02
2.542417682707309723e-02
2.601771987974643707e-02
2.660523913800716400e-02
2.718178927898406982e-02
2.774315327405929565e-02
2.828581258654594421e-02
2.880689129233360291e-02
2.930404059588909149e-02
2.977533452212810516e-02
3.021915815770626068e-02
3.063413128256797791e-02
3.101905994117259979e-02
3.137292712926864624e-02
2.689485996961593628e-02
2.719496004283428192e-02
2.746352180838584900e-02
2.770027518272399902e-02
2.790519408881664276e-02
2.807847596704959869e-02
2.822054550051689148e-02
2.833201363682746887e-02
2.841366268694400787e-02
2.846640348434448242e-02
2.849125303328037262e-02
2.848930284380912781e-02
2.846169099211692810e-02
2.840957604348659515e-02
2.833411656320095062e-02
2.823645807802677155e-02
2.811771631240844727e-02
2.797896973788738251e-02
2.782125957310199738e-02
2.764557115733623505e-02
2.745284512639045715e-02
2.724397368729114532e-02
2.701979875564575195e-02
2.717814780771732330e-02
2.691520377993583679e-02
2.663795836269855499e-02
2.634702622890472412e-02
2.604299783706665039e-02
2.572644501924514771e-02
2.539792284369468689e-02
2.505798824131488800e-02
2.470718324184417725e-02
2.434606291353702545e-02
2.397518604993820190e-02
2.359512448310852051e-02
2.320646680891513824e-02
2.280982211232185364e-02
2.240581996738910675e-02
2.199511416256427765e-02
2.157838828861713409e-02
2.115635201334953308e-02
2.072973363101482391e-02
2.029930241405963898e-02
1.986584067344665527e-02
1.943014934659004211e-02
1.899305172264575958e-02
1.855538040399551392e-02
1.826977171003818512e-02
1.824615150690078735e-02
1.819764636456966400e-02
1.816140860319137573e-02
1.806638762354850769e-02
1.795042306184768677e-02
1.781472004950046539e-02
1.548434700816869736e-02
1.531736832112073898e-02
1.293558254837989807e-02
1.275093760341405869e-02
1.256030891090631485e-02
1.236417610198259354e-02
1.216305140405893326e-02
1.195747870951890945e-02
1.174802612513303757e-02
1.153528317809104919e-02
1.131984405219554901e-02
1.110230851918458939e-02
1.088326424360275269e-02
1.066328026354312897e-02
1.044289674609899521e-02
1.022261101752519608e-02
1.000287290662527084e-02
9.784069843590259552e-03
9.816132485866546631e-03
1.029973570257425308e-02
1.076070312410593033e-02
1.119895558804273605e-02
1.161455456167459488e-02
1.200768724083900452e-02
1.237865444272756577e-02
1.272786315530538559e-02
1.305581443011760712e-02
1.336308289319276810e-02
1.365031674504280090e-02
1.391821447759866714e-02
1.001211255788803101e-02
9.067356586456298828e-03
8.141402155160903931e-03
7.333698216825723648e-03
7.510190363973379135e-03
7.680435664951801300e-03
7.844658568501472473e-03
8.003070950508117676e-03
8.155866526067256927e-03
8.303225040435791016e-03
8.445311337709426880e-03
8.582270704209804535e-03
8.714235387742519379e-03
8.841316215693950653e-03
8.963610976934432983e-03
9.081200696527957916e-03
9.194151498377323151e-03
9.302518330514431000e-03
9.406343102455139160e-03
9.505660273134708405e-03
9.600498713552951813e-03
9.690880775451660156e-03
9.776831604540348053e-03
9.858373552560806274e-03
9.935534559190273285e-03
1.000834442675113678e-02
1.007684320211410522e-02
1.014107558876276016e-02
1.020109280943870544e-02
1.025695819407701492e-02
1.030873786658048630e-02
1.010817382484674454e-02
1.015852205455303192e-02
1.020679064095020294e-02
1.025283336639404297e-02
1.029650587588548660e-02
1.033766381442546844e-02
1.037617027759552002e-02
1.041188929229974747e-02
1.044469140470027924e-02
1.047444809228181839e-02
1.050104014575481415e-02
1.052435021847486496e-02
1.054427027702331543e-02
1.056069321930408478e-02
1.057352311909198761e-02
1.058266591280698776e-02
1.058803871273994446e-02
1.058956049382686615e-02
1.058715954422950745e-02
1.156441587954759598e-02
1.153234113007783890e-02
1.149664726108312607e-02
1.145728304982185364e-02
1.141420193016529083e-02
1.136736478656530380e-02
1.131673995405435562e-02
1.126230601221323013e-02
1.120404433459043503e-02
1.114194840192794800e-02
1.107601728290319443e-02
1.100625842809677124e-02
1.093268766999244690e-02
1.167235244065523148e-02
1.157326810061931610e-02
1.147086825221776962e-02
1.136519666761159897e-02
1.125630363821983337e-02
1.114425063133239746e-02
1.102910749614238739e-02
1.091095432639122009e-02
1.078987959772348404e-02
1.066598296165466309e-02
1.113860961049795151e-02
1.099622063338756561e-02
1.085165701806545258e-02
1.070504728704690933e-02
1.055653207004070282e-02
1.040626037865877151e-02
1.025438960641622543e-02
1.010108646005392075e-02
9.946526028215885162e-03
1.040629111230373383e-02
1.023623067885637283e-02
1.006577722728252411e-02
9.895126335322856903e-03
9.724477306008338928e-03
9.554034098982810974e-03
9.384006261825561523e-03
9.214602410793304443e-03
9.046035818755626678e-03
8.878519758582115173e-03
8.712265640497207642e-03
8.547486737370491028e-03
9.269369766116142273e-03
9.088698774576187134e-03
8.910554461181163788e-03
8.735123090445995331e-03
8.646698668599128723e-03
8.643376640975475311e-03
8.640748448669910431e-03
8.658108301460742950e-03
8.879545144736766815e-03
9.099701419472694397e-03
9.318453259766101837e-03
9.535662829875946045e-03
9.751187637448310852e-03
9.964874945580959320e-03
1.017656549811363220e-02
1.038609258830547333e-02
1.059328671544790268e-02
1.079797465354204178e-02
1.099997758865356445e-02
1.119911763817071915e-02
1.139521598815917969e-02
1.158809009939432144e-02
1.177756488323211670e-02
1.196346245706081390e-02
1.214560680091381073e-02
1.232382841408252716e-02
1.249795872718095779e-02
1.266783475875854492e-02
1.283329445868730545e-02
1.299418695271015167e-02
1.315036043524742126e-02
1.330167241394519806e-02
1.344798412173986435e-02
1.358916144818067551e-02
1.372507587075233459e-02
1.385560445487499237e-02
1.398062892258167267e-02
1.410003751516342163e-02
1.421371940523386002e-02
1.432157121598720551e-02
1.442349422723054886e-02
1.451938971877098083e-02
1.460916455835103989e-02
1.469272933900356293e-02
1.395342685282230377e-02
1.405951008200645447e-02
1.415876951068639755e-02
1.425112411379814148e-02
1.433649845421314240e-02
1.441482361406087875e-02
1.448603719472885132e-02
1.455007772892713547e-02
1.460689026862382889e-02
1.254999451339244843e-02
1.263874117285013199e-02
1.271916925907135010e-02
1.279127132147550583e-02
1.285504177212715149e-02
1.291047781705856323e-02
1.295757759362459183e-02
1.299634110182523727e-02
1.302676927298307419e-02
1.304886862635612488e-02
1.306265126913785934e-02
1.306812837719917297e-02
1.306532137095928192e-02
1.305425539612770081e-02
1.303495932370424271e-02
1.300747599452733994e-02
1.297185011208057404e-02
1.292813848704099655e-02
1.287640631198883057e-02
1.281672902405261993e-02
1.274919230490922928e-02
1.267389487475156784e-02
1.259094662964344025e-02
1.250046864151954651e-02
1.240259781479835510e-02
1.229748129844665527e-02
1.218528207391500473e-02
1.206617802381515503e-02
1.194036006927490234e-02
1.170373149216175079e-02
1.156956981867551804e-02
1.142937596887350082e-02
1.128341723233461380e-02
1.113197859376668930e-02
1.097536552697420120e-02
1.081390399485826492e-02
1.064793672412633896e-02
1.047782972455024719e-02
1.030396297574043274e-02
1.012673508375883102e-02
9.946556761860847473e-03
9.763857349753379822e-03
9.799122810363769531e-03
9.617749601602554321e-03
9.921597316861152649e-03
9.569195099174976349e-03
9.521568194031715393e-03
7.409218233078718185e-03
7.275665178894996643e-03
7.146344520151615143e-03
7.021198514848947525e-03
6.900168489664793015e-03
6.783194839954376221e-03
6.670217961072921753e-03
6.561175454407930374e-03
6.456005852669477463e-03
6.354645825922489166e-03
6.257032509893178940e-03
6.163101177662611008e-03
6.072787102311849594e-03
5.986024159938097000e-03
5.902746692299842834e-03
5.822888109833002090e-03
5.746380425989627838e-03
5.683827679604291916e-03
5.620169453322887421e-03
5.548809655010700226e-03
5.472499411553144455e-03
5.411721765995025635e-03
5.543208215385675430e-03
5.421577952802181244e-03
5.321307573467493057e-03
5.860154051333665848e-03
5.744537804275751114e-03
5.628996528685092926e-03
5.513768177479505539e-03
5.399078596383333206e-03
5.285142920911312103e-03
5.172165110707283020e-03
5.060334689915180206e-03
5.101645365357398987e-03
5.177480634301900864e-03
5.247372668236494064e-03
5.482692737132310867e-03
5.536812823265790939e-03
5.584998521953821182e-03
5.627261940389871597e-03
5.663631483912467957e-03
5.694152787327766418e-03
5.718886852264404297e-03
5.500847939401865005e-03
5.434010643512010574e-03
5.449980963021516800e-03
5.462887696921825409e-03
5.472706630825996399e-03
5.479419603943824768e-03
5.483019165694713593e-03
5.508443806320428848e-03
5.505273584276437759e-03
5.499023012816905975e-03
5.489712115377187729e-03
5.394204054027795792e-03
5.380684509873390198e-03
5.393525119870901108e-03
5.334609188139438629e-03
5.326075013726949692e-03
5.481855012476444244e-03
5.454774480313062668e-03
5.425195675343275070e-03
5.405134055763483047e-03
5.370412953197956085e-03
5.294744390994310379e-03
5.256184842437505722e-03
5.214934702962636948e-03
5.171859636902809143e-03
5.098278634250164032e-03
5.051519721746444702e-03
5.075158551335334778e-03
5.025214049965143204e-03
4.973730538040399551e-03
4.899919964373111725e-03
4.845929797738790512e-03
4.779248498380184174e-03
4.722682759165763855e-03
4.646742716431617737e-03
4.754681605845689774e-03
4.713798407465219498e-03
4.623643122613430023e-03
4.569227807223796844e-03
4.485485609620809555e-03
4.461932927370071411e-03
4.389006178826093674e-03
4.326445050537586212e-03
4.316634032875299454e-03
4.367697518318891525e-03
4.427147097885608673e-03
4.478753544390201569e-03
4.488291218876838684e-03
4.530108999460935593e-03
4.573849495500326157e-03
4.614380653947591782e-03
4.628590773791074753e-03
4.675759002566337585e-03
4.684341605752706528e-03
4.728058353066444397e-03
4.731810651719570160e-03
4.771419800817966461e-03
4.771227017045021057e-03
4.807237070053815842e-03
4.801320377737283707e-03
4.833324346691370010e-03
4.824241157621145248e-03
4.852943122386932373e-03
4.838401451706886292e-03
4.863648675382137299e-03
4.846686497330665588e-03
4.869346041232347488e-03
4.847791511565446854e-03
4.867939744144678116e-03
4.844909533858299255e-03
4.863535985350608826e-03
4.837135784327983856e-03
4.854492843151092529e-03
4.827763885259628296e-03
4.844911862164735794e-03
4.816232249140739441e-03
4.833536222577095032e-03
4.805791191756725311e-03
4.824318457394838333e-03
4.796099383383989334e-03
4.816257394850254059e-03
4.790237173438072205e-03
4.813036881387233734e-03
4.787947051227092743e-03
4.813771694898605347e-03
4.792030435055494308e-03
4.821777809411287308e-03
4.802189767360687256e-03
4.836159758269786835e-03
4.820859059691429138e-03
4.859794396907091141e-03
4.847606178373098373e-03
4.891682881861925125e-03
4.884446039795875549e-03
4.934224765747785568e-03
4.930752795189619064e-03
4.986265674233436584e-03
4.988105967640876770e-03
5.049723666161298752e-03
5.055666435509920120e-03
5.123272538185119629e-03
5.134592764079570770e-03
5.208375398069620132e-03
5.286476574838161469e-03
5.253965966403484344e-03
5.316016729921102524e-03
5.400268360972404480e-03
5.473066587001085281e-03
5.488399881869554520e-03
5.556213203817605972e-03
5.635047797113656998e-03
5.711429752409458160e-03
5.754290148615837097e-03
5.830217618495225906e-03
5.908397957682609558e-03
5.990741774439811707e-03
6.050750613212585449e-03
6.134333554655313492e-03
6.214408203959465027e-03
6.302649155259132385e-03
6.373900454491376877e-03
6.463774479925632477e-03
6.546608638018369675e-03
6.639736238867044449e-03
6.718462333083152771e-03
6.813015788793563843e-03
6.898446008563041687e-03
6.995110306888818741e-03
7.078651804476976395e-03
7.176272571086883545e-03
7.330000866204500198e-03
7.320625707507133484e-03
7.441983092576265335e-03
7.579843979328870773e-03
7.705003954470157623e-03
7.691871374845504761e-03
7.790996693074703217e-03
7.946428842842578888e-03
8.058261126279830933e-03
8.202454075217247009e-03
8.140246383845806122e-03
8.243166841566562653e-03
8.392837829887866974e-03
8.505789563059806824e-03
8.645441383123397827e-03
8.762693032622337341e-03
8.682640269398689270e-03
8.761404082179069519e-03
8.922057226300239563e-03
9.018660522997379303e-03
9.162559174001216888e-03
9.268000721931457520e-03
9.400256909430027008e-03
9.508917108178138733e-03
9.632222354412078857e-03
9.740520268678665161e-03
9.856197983026504517e-03
9.961800649762153625e-03
1.007042359560728073e-02
1.017178408801555634e-02
1.027353294193744659e-02
1.036960817873477936e-02
1.046447828412055969e-02
1.055456977337598801e-02
1.064249128103256226e-02
1.072613708674907684e-02
1.080703269690275192e-02
1.088394410908222198e-02
1.095776725560426712e-02
1.102778315544128418e-02
1.109452545642852783e-02
1.115758251398801804e-02
1.121728029102087021e-02
1.127338968217372894e-02
1.132611837238073349e-02
1.137534808367490768e-02
1.142121758311986923e-02
1.146367751061916351e-02
1.150282844901084900e-02
1.153866015374660492e-02
1.157125364989042282e-02
1.160062383860349655e-02
1.162683777511119843e-02
1.164992619305849075e-02
1.166995149105787277e-02
1.168695185333490372e-02
1.170098409056663513e-02
1.171209290623664856e-02
1.172033511102199554e-02
1.172575820237398148e-02
1.172841526567935944e-02
1.172835659235715866e-02
1.172563526779413223e-02
1.172030158340930939e-02
1.171240769326686859e-02
1.170200482010841370e-02
1.168914139270782471e-02
1.167387142777442932e-02
1.165624335408210754e-02
1.163630932569503784e-02
1.161411870270967484e-02
1.158972084522247314e-02
8.985998108983039856e-03
8.809951134026050568e-03
8.809486404061317444e-03
8.795883506536483765e-03
8.503449149429798126e-03
8.494753390550613403e-03
8.785875514149665833e-03
8.769175037741661072e-03
8.624861016869544983e-03
8.609953336417675018e-03
8.788518607616424561e-03
8.768323808908462524e-03
8.705806918442249298e-03
8.685815148055553436e-03
8.802038617432117462e-03
8.778405375778675079e-03
8.761273697018623352e-03
8.737112395465373993e-03
8.819100446999073029e-03
8.792355656623840332e-03
8.800786919891834259e-03
8.773260749876499176e-03
8.836910128593444824e-03
8.807543665170669556e-03
8.830911479890346527e-03
8.800776675343513489e-03
8.855240419507026672e-03
8.823825046420097351e-03
8.856603875756263733e-03
8.824573829770088196e-03
8.875270374119281769e-03
8.842409588396549225e-03
8.881885558366775513e-03
8.848628029227256775e-03
8.898885920643806458e-03
8.865170180797576904e-03
8.910150267183780670e-03
8.717925287783145905e-03
8.685203269124031067e-03
8.779809810221195221e-03
8.746097795665264130e-03
8.766894228756427765e-03
8.733983151614665985e-03
8.813297376036643982e-03
8.780012838542461395e-03
8.819550275802612305e-03
8.786895312368869781e-03
8.859956637024879456e-03
9.006496518850326538e-03
9.096934460103511810e-03
9.270787239074707031e-03
9.339773096144199371e-03
9.511615149676799774e-03
9.589169174432754517e-03
9.758559986948966980e-03
9.822063148021697998e-03
9.989054873585700989e-03
1.005506515502929688e-02
1.021932624280452728e-02
1.027523539960384369e-02
1.043669320642948151e-02
1.049159001559019089e-02
1.064994931221008301e-02
1.069675572216510773e-02
1.085185259580612183e-02
1.089550927281379700e-02
1.104704942554235458e-02
1.108353957533836365e-02
1.123129576444625854e-02
1.145241223275661469e-02
1.159684546291828156e-02
1.173866633325815201e-02
1.169897615909576416e-02
1.183936651796102524e-02
1.190776005387306213e-02
1.204390730708837509e-02
1.202385500073432922e-02
1.215728931128978729e-02
1.219468843191862106e-02
1.232365611940622330e-02
1.230949722230434418e-02
1.243465300649404526e-02
1.244965288788080215e-02
1.256983634084463120e-02
1.255348883569240570e-02
1.266888622194528580e-02
1.266582123935222626e-02
1.277562696486711502e-02
1.275223679840564728e-02
1.134710852056741714e-02
1.153875794261693954e-02
1.149125583469867706e-02
1.203215587884187698e-02
1.212151627987623215e-02
1.206120010465383530e-02
1.199663989245891571e-02
1.192773040384054184e-02
1.185437664389610291e-02
1.177649199962615967e-02
1.169400289654731750e-02
1.223011780530214310e-02
1.212438102811574936e-02
1.201404165476560593e-02
1.189906615763902664e-02
1.177942566573619843e-02
1.174079626798629761e-02
1.160983555018901825e-02
1.147417444735765457e-02
1.133380737155675888e-02
1.153494138270616531e-02
1.137744262814521790e-02
1.121531240642070770e-02
1.110114343464374542e-02
1.092852093279361725e-02
1.091405283659696579e-02
1.075836643576622009e-02
1.070711016654968262e-02
1.140896044671535492e-02
1.141973026096820831e-02
1.143414247781038284e-02
1.144423894584178925e-02
1.116801705211400986e-02
1.117588952183723450e-02
1.117951329797506332e-02
1.109540928155183792e-02
1.109259575605392456e-02
1.108571887016296387e-02
1.084825210273265839e-02
1.083847135305404663e-02
1.082475669682025909e-02
1.068529486656188965e-02
1.046415325254201889e-02
1.030142046511173248e-02
1.027897000312805176e-02
1.025294885039329529e-02
1.022345293313264847e-02
1.019057817757129669e-02
1.015442330390214920e-02
1.011508889496326447e-02
1.007267646491527557e-02
9.865969419479370117e-03
9.830160997807979584e-03
9.791224263608455658e-03
9.749265387654304504e-03
9.704391472041606903e-03
9.656715206801891327e-03
9.606350213289260864e-03
9.416800923645496368e-03
9.364414960145950317e-03
9.214160963892936707e-03
8.966228924691677094e-03
8.911450393497943878e-03
8.854580111801624298e-03
8.883445523679256439e-03
8.921414613723754883e-03
8.956178091466426849e-03
9.040554054081439972e-03
9.061169810593128204e-03
9.078988805413246155e-03
9.094065055251121521e-03
9.106452576816082001e-03
9.116204455494880676e-03
9.318865835666656494e-03
7.364858407527208328e-03
6.945257075130939484e-03
6.932076066732406616e-03
6.915357429534196854e-03
6.885375827550888062e-03
6.861194036900997162e-03
6.832968443632125854e-03
6.846462376415729523e-03
6.914748344570398331e-03
6.961885374039411545e-03
7.004334591329097748e-03
7.107445504516363144e-03
7.140262052416801453e-03
7.166977971792221069e-03
7.190128322690725327e-03
7.256551180034875870e-03
7.269817870110273361e-03
7.285793311893939972e-03
7.289153989404439926e-03
7.324479520320892334e-03
7.317818701267242432e-03
7.077964488416910172e-03
7.066589314490556717e-03
7.050106767565011978e-03
7.028527557849884033e-03
7.001867052167654037e-03
6.970147136598825455e-03
6.933395750820636749e-03
6.891647353768348694e-03
6.937964819371700287e-03
6.886166986078023911e-03
6.829502526670694351e-03
5.866887513548135757e-03
5.801173858344554901e-03
5.731335375458002090e-03
5.657468922436237335e-03
5.579680670052766800e-03
5.498085636645555496e-03
5.412806291133165359e-03
5.323973949998617172e-03
5.231728311628103256e-03
5.136218387633562088e-03
5.037601571530103683e-03
4.936042707413434982e-03
4.831716418266296387e-03
4.861280322074890137e-03
5.143631715327501297e-03
5.411378107964992523e-03
4.098584409803152084e-03
4.111275542527437210e-03
4.148241598159074783e-03
4.164683166891336441e-03
4.179311450570821762e-03
4.192107822746038437e-03
4.203061573207378387e-03
4.212171304970979691e-03
4.219444002956151962e-03
4.138884134590625763e-03
4.142719320952892303e-03
4.144811071455478668e-03
4.145201761275529861e-03
4.143939353525638580e-03
4.220473114401102066e-03
4.240092355757951736e-03
4.252603743225336075e-03
4.569720942527055740e-03
4.651410039514303207e-03
4.808276891708374023e-03
4.885237198323011398e-03
4.810067825019359589e-03
4.882704932242631912e-03
4.979436285793781281e-03
4.761052783578634262e-03
4.717799369245767593e-03
4.669749643653631210e-03
4.617141094058752060e-03
4.560208413749933243e-03
4.499182105064392090e-03
4.503787495195865631e-03
4.558955784887075424e-03
4.612118937075138092e-03
4.663299303501844406e-03
4.793716594576835632e-03
4.697416443377733231e-03
4.598064813762903214e-03
4.495908971875905991e-03
4.391189198940992355e-03
4.284523427486419678e-03
4.822683054953813553e-03
4.697436466813087463e-03
4.570881370455026627e-03
4.443243145942687988e-03
4.537683911621570587e-03
4.723101388663053513e-03
4.749670624732971191e-03
4.920486826449632645e-03
5.082693416625261307e-03
5.236401222646236420e-03
5.381729453802108765e-03
5.431262776255607605e-03
4.807022865861654282e-03
4.947147332131862640e-03
4.880945198237895966e-03
5.010279826819896698e-03
5.132392980158329010e-03
5.247395951300859451e-03
5.349915008991956711e-03
5.451270379126071930e-03
5.545925814658403397e-03
5.523639265447854996e-03
5.608039908111095428e-03
5.696709733456373215e-03
5.768871866166591644e-03
5.753073375672101974e-03
5.815759766846895218e-03
5.863773170858621597e-03
5.916030146181583405e-03
5.898454692214727402e-03
5.942184943705797195e-03
5.960500333458185196e-03
5.995357409119606018e-03
5.971913691610097885e-03
5.999262910336256027e-03
5.583854857832193375e-03
5.612754262983798981e-03
5.637580994516611099e-03
5.658446345478296280e-03
5.675462540239095688e-03
5.463394336402416229e-03
5.478516221046447754e-03
5.490443203598260880e-03
5.499259568750858307e-03
5.544275976717472076e-03
5.546258762478828430e-03
5.697863176465034485e-03
5.690842866897583008e-03
5.681206937879323959e-03
5.669044330716133118e-03
5.465222988277673721e-03
5.452782846987247467e-03
5.112925078719854355e-03
5.091677885502576828e-03
5.080596543848514557e-03
5.014134105294942856e-03
5.000442266464233398e-03
4.964389838278293610e-03
4.947702866047620773e-03
4.883959889411926270e-03
4.865153692662715912e-03
4.819316323846578598e-03
4.798249341547489166e-03
4.735436756163835526e-03
5.266665015369653702e-03
5.311369895935058594e-03
5.155932158231735229e-03
5.118880886584520340e-03
5.080955103039741516e-03
4.845077637583017349e-03
4.810146521776914597e-03
4.678928758949041367e-03
4.692687653005123138e-03
4.657014273107051849e-03
4.527089651674032211e-03
4.492459818720817566e-03
4.396069329231977463e-03
4.361889790743589401e-03
4.243351519107818604e-03
4.210231360048055649e-03
4.122461192309856415e-03
4.089845810085535049e-03
3.981719259172677994e-03
3.905450692400336266e-03
3.868736326694488525e-03
3.837757511064410210e-03
3.710082499310374260e-03
3.680782159790396690e-03
3.600273746997117996e-03
3.571688663214445114e-03
2.921343781054019928e-03
2.896001562476158142e-03
2.869058167561888695e-03
2.840482629835605621e-03
2.616908401250839233e-03
2.585094189271330833e-03
2.551373094320297241e-03
2.515737898647785187e-03
2.478187670931220055e-03
2.516509499400854111e-03
2.474952023476362228e-03
2.254792489111423492e-03
2.211069921031594276e-03
2.237655688077211380e-03
2.191800158470869064e-03
2.172954147681593895e-03
2.124926541000604630e-03
2.137625589966773987e-03
2.087196102365851402e-03
2.071583876386284828e-03
2.133961766958236694e-03
2.103147795423865318e-03
2.025507856160402298e-03
1.989782322198152542e-03
1.902002259157598019e-03
1.863610581494867802e-03
1.937996712513267994e-03
1.893895096145570278e-03
1.848480664193630219e-03
1.742499182000756264e-03
1.696220017038285732e-03
1.568494364619255066e-03
1.427686423994600773e-03
1.382962334901094437e-03
1.337675144895911217e-03
1.328386948443949223e-03
1.281574135646224022e-03
1.394544262439012527e-03
1.406288822181522846e-03
1.354534644633531570e-03
1.354361418634653091e-03
1.373663311824202538e-03
1.373616396449506283e-03
1.386293792165815830e-03
1.409769523888826370e-03
1.421404303982853889e-03
1.424050424247980118e-03
1.431083306670188904e-03
1.445122063159942627e-03
1.450530602596700191e-03
1.452193711884319782e-03
1.454065437428653240e-03
1.474691438488662243e-03
1.503599807620048523e-03
1.530474401079118252e-03
1.556316157802939415e-03
1.575614209286868572e-03
1.597698545083403587e-03
1.616430818103253841e-03
1.635484048165380955e-03
1.648779725655913353e-03
1.664509996771812439e-03
1.676214626058936119e-03
1.689091790467500687e-03
1.696662278845906258e-03
1.706607872620224953e-03
1.712189288809895515e-03
1.719533465802669525e-03
1.727158785797655582e-03
1.761259743943810463e-03
1.716406317427754402e-03
1.748621230944991112e-03
1.725036301650106907e-03
1.241516438312828541e-03
9.352919878438115120e-04
8.737845346331596375e-04
9.041304583661258221e-04
8.998208795674145222e-04
9.499845909886062145e-04
9.996863082051277161e-04
1.096249674446880817e-03
1.121814828366041183e-03
1.097553991712629795e-03
1.121331122703850269e-03
1.073706895112991333e-03
1.095713698305189610e-03
1.064163981936872005e-03
1.114658662118017673e-03
1.099767396226525307e-03
1.107216230593621731e-03
1.068516285158693790e-03
1.102170092053711414e-03
1.084489282220602036e-03
1.099403714761137962e-03
1.059297122992575169e-03
1.081947237253189087e-03
1.058265566825866699e-03
1.075757318176329136e-03
1.119139487855136395e-03
1.151395845226943493e-03
1.140666310675442219e-03
1.149502117186784744e-03
1.101870555430650711e-03
1.109137316234409809e-03
1.087001292034983635e-03
1.144504523836076260e-03
1.100237248465418816e-03
1.103641348890960217e-03
1.062953146174550056e-03
1.092299469746649265e-03
1.108282827772200108e-03
1.109366770833730698e-03
1.084495568647980690e-03
1.084521994926035404e-03
1.038096961565315723e-03
1.037193578667938709e-03
1.001725788228213787e-03
9.999327594414353371e-04
9.596375748515129089e-04
9.570289403200149536e-04
9.180413908325135708e-04
9.148296667262911797e-04
9.303115075454115868e-04
1.108170254155993462e-03
1.157383783720433712e-03
1.124906470067799091e-03
1.130213728174567223e-03
1.066161668859422207e-03
1.097181928344070911e-03
1.061282702721655369e-03
1.041385228745639324e-03
9.725201525725424290e-04
9.848012123256921768e-04
9.466379415243864059e-04
9.796671802178025246e-04
9.207846014760434628e-04
9.317598887719213963e-04
8.836163906380534172e-04
8.737225434742867947e-04
8.122982108034193516e-04
8.154293755069375038e-04
8.002812392078340054e-04
8.018765365704894066e-04
8.154349052347242832e-04
8.221532334573566914e-04
7.742367452010512352e-04
7.766303024254739285e-04
7.628331077285110950e-04
7.315468392334878445e-04
6.913082324899733067e-04
6.582639762200415134e-04
6.365334265865385532e-04
6.353953504003584385e-04
5.900255637243390083e-04
5.511280032806098461e-04
5.230935057625174522e-04
4.867016396019607782e-04
4.788390942849218845e-04
4.677992255892604589e-04
4.690269997809082270e-04
4.829099634662270546e-04
4.975619958713650703e-04
5.275818402878940105e-04
5.162889137864112854e-04
5.070156767033040524e-04
4.361087048891931772e-04
4.272890510037541389e-04
3.914863627869635820e-04
3.831620560958981514e-04
3.893809334840625525e-04
3.861609438899904490e-04
3.608488477766513824e-04
3.834371163975447416e-04
3.537201555445790291e-04
3.607103135436773300e-04
3.496452409308403730e-04
3.576467570383101702e-04
3.565807419363409281e-04
3.439732827246189117e-04
3.632124862633645535e-04
3.742283734027296305e-04
3.445288166403770447e-04
3.517351869959384203e-04
3.529133100528270006e-04
3.838644188363105059e-04
3.747184528037905693e-04
4.123774706386029720e-04
3.446095215622335672e-04
3.267028951086103916e-04
3.151626151520758867e-04
3.049153892789036036e-04
3.283076803199946880e-04
3.041781310457736254e-04
3.165827656630426645e-04
3.107307129539549351e-04
2.914905198849737644e-04
2.727023966144770384e-04
2.891586045734584332e-04
3.092436527367681265e-04
2.681616751942783594e-04
2.573768433649092913e-04
2.624476619530469179e-04
2.474487992003560066e-04
2.600194129627197981e-04
2.525950258132070303e-04
2.242330083390697837e-04
2.218499867012724280e-04
2.498735557310283184e-04
2.020992687903344631e-04
2.673392009455710649e-04
2.157306298613548279e-04
2.230054815299808979e-04
1.780642196536064148e-04
2.665229840204119682e-04
1.844853832153603435e-04
2.520750858820974827e-04
1.899668859550729394e-04
2.761062060017138720e-04
2.205589698860421777e-04
2.772603475023061037e-04
2.078537945635616779e-04
2.121288125636056066e-04
1.857460301835089922e-04
2.718668838497251272e-04
1.943134848261252046e-04
2.848310105036944151e-04
2.907208981923758984e-04
3.783355641644448042e-04
3.859693533740937710e-04
2.217211585957556963e-04
1.785015338100492954e-04
2.738820039667189121e-04
1.902492367662489414e-04
2.277107414556667209e-04
2.413911133771762252e-04
2.206991630373522639e-04
2.475033979862928391e-04
2.992023364640772343e-04
2.527785545680671930e-04
1.994518825085833669e-04
1.722582819638773799e-04
2.947266912087798119e-04
1.803586928872391582e-04
2.217893197666853666e-04
1.975749037228524685e-04
2.470527251716703176e-04
2.262327907374128699e-04
3.187510301358997822e-04
2.255098806926980615e-04
2.326623362023383379e-04
1.440943306079134345e-04
2.551623329054564238e-04
1.702026784187182784e-04
2.504892472643405199e-04
1.659008703427389264e-04
2.483729331288486719e-04
1.752681855577975512e-04
2.331719442736357450e-04
1.579477539053186774e-04
2.474136417731642723e-04
1.482362422393634915e-04
2.634090487845242023e-04
1.814404240576550364e-04
2.771818544715642929e-04
2.809102879837155342e-04
2.228153607575222850e-04
1.320349547313526273e-04
2.444708370603621006e-04
1.478875492466613650e-04
2.288243704242631793e-04
1.592884946148842573e-04
2.558123378548771143e-04
1.546656276332214475e-04
2.477066300343722105e-04
1.769313239492475986e-04
2.218383160652592778e-04
1.634257205296307802e-04
2.246663789264857769e-04
1.582666300237178802e-04
2.309390110895037651e-04
1.608215970918536186e-04
2.404910337645560503e-04
1.342480536550283432e-04
2.514100924599915743e-04
1.391465921187773347e-04
2.326151443412527442e-04
1.554372720420360565e-04
2.248434611828997731e-04
2.116235991707071662e-04
3.025771875400096178e-04
2.376202028244733810e-04
1.829499669838696718e-04
1.430241536581888795e-04
2.869190648198127747e-04
1.331562380073592067e-04
1.747889036778360605e-04
1.596547663211822510e-04
2.905620785895735025e-04
1.793489209376275539e-04
1.916778419399634004e-04
1.501969381934031844e-04
2.804697141982614994e-04
1.477307232562452555e-04
1.804253552109003067e-04
1.902717631310224533e-04
2.779075002763420343e-04
1.409209507983177900e-04
2.217870205640792847e-04
1.291939988732337952e-04
2.609311777632683516e-04
1.591982290847226977e-04
2.271927805850282311e-04
1.447233662474900484e-04
2.270563854835927486e-04
1.517842320026829839e-04
2.563148736953735352e-04
1.544421829748898745e-04
2.142053999705240130e-04
1.322450116276741028e-04
2.353584277443587780e-04
2.343330852454528213e-04
2.336429315619170666e-04
1.336585119133815169e-04
2.512091014068573713e-04
1.428811810910701752e-04
2.163010940421372652e-04
1.264584570890292525e-04
2.252750418847426772e-04
2.001901739276945591e-04
2.419024967821314931e-04
1.230755005963146687e-04
2.293706202181056142e-04
9.282920655095949769e-05
