7.304286584258079529e-03
1.424941606819629669e-02
2.081159129738807678e-02
2.685234695672988892e-02
3.228913620114326477e-02
3.708640113472938538e-02
4.124222695827484131e-02
4.478049650788307190e-02
4.774257540702819824e-02
5.017985403537750244e-02
5.214782059192657471e-02
5.370188504457473755e-02
5.489465966820716858e-02
5.577440559864044189e-02
5.638438090682029724e-02
5.676269903779029846e-02
5.694255232810974121e-02
5.695259943604469299e-02
5.681747198104858398e-02
5.655823647975921631e-02
5.619289726018905640e-02
5.573682487010955811e-02
5.520313978195190430e-02
5.460305139422416687e-02
5.394615605473518372e-02
5.324066430330276489e-02
5.249365791678428650e-02
5.171121656894683838e-02
5.089858546853065491e-02
5.006031319499015808e-02
4.920035228133201599e-02
4.832212254405021667e-02
4.742863401770591736e-02
4.652249813079833984e-02
4.560602456331253052e-02
4.500911757349967957e-02
4.445249959826469421e-02
4.388303309679031372e-02
4.330189526081085205e-02
4.271016642451286316e-02
4.210881143808364868e-02
4.149872064590454102e-02
4.088071361184120178e-02
4.025553166866302490e-02
3.962387144565582275e-02
3.914771601557731628e-02
3.884039446711540222e-02
3.852362558245658875e-02
3.819781914353370667e-02
3.786337003111839294e-02
3.752065449953079224e-02
3.717003390192985535e-02
3.681185469031333923e-02
3.644645586609840393e-02
3.607416152954101562e-02
3.569528833031654358e-02
3.531013056635856628e-02
3.491898998618125916e-02
3.452215343713760376e-02
3.411989286541938782e-02
3.371246904134750366e-02
3.330015391111373901e-02
3.288319334387779236e-02
3.246183693408966064e-02
3.203631564974784851e-02
3.160686790943145752e-02
3.117371909320354462e-02
3.073708526790142059e-02
3.029718063771724701e-02
2.985421381890773773e-02
2.940838783979415894e-02
2.895989827811717987e-02
2.850893512368202209e-02
2.805569022893905640e-02
2.760034427046775818e-02
2.778546698391437531e-02
2.852439135313034058e-02
2.925694361329078674e-02
2.998356334865093231e-02
3.070456907153129578e-02
3.142014890909194946e-02
3.213034197688102722e-02
3.283501788973808289e-02
3.353385999798774719e-02
3.422636538743972778e-02
3.491181880235671997e-02
3.558931499719619751e-02
3.625772520899772644e-02
3.691572695970535278e-02
3.756180778145790100e-02
3.819429501891136169e-02
3.881135955452919006e-02
3.941105678677558899e-02
3.999135270714759827e-02
4.055018350481987000e-02
4.108546301722526550e-02
4.159512743353843689e-02
4.207720980048179626e-02
4.252983629703521729e-02
4.295125976204872131e-02
4.333992302417755127e-02
4.369446635246276855e-02
4.401372373104095459e-02
4.429676383733749390e-02
4.454289749264717102e-02
4.475165903568267822e-02
4.492281377315521240e-02
4.505635797977447510e-02
4.515248164534568787e-02
4.521159082651138306e-02
4.523425921797752380e-02
4.522121697664260864e-02
4.517333954572677612e-02
4.509161785244941711e-02
4.497714713215827942e-02
4.483111202716827393e-02
4.465474560856819153e-02
4.444933682680130005e-02
4.421620815992355347e-02
4.395669326186180115e-02
4.367214441299438477e-02
4.336390271782875061e-02
4.303329437971115112e-02
4.268163070082664490e-02
4.231018945574760437e-02
4.192021861672401428e-02
4.151292145252227783e-02
4.108947515487670898e-02
4.065101221203804016e-02
4.019859805703163147e-02
3.973327949643135071e-02
3.925604373216629028e-02
3.876783326268196106e-02
3.826954215764999390e-02
3.776201978325843811e-02
3.724606707692146301e-02
3.672244772315025330e-02
3.619188070297241211e-02
3.565503284335136414e-02
3.511254116892814636e-02
3.456499427556991577e-02
3.401295468211174011e-02
3.345693275332450867e-02
3.289741277694702148e-02
3.233484923839569092e-02
3.176964819431304932e-02
3.120220080018043518e-02
3.063285537064075470e-02
3.006193786859512329e-02
2.948974072933197021e-02
2.891653403639793396e-02
2.834255807101726532e-02
2.776803448796272278e-02
2.719315141439437866e-02
2.661808207631111145e-02
2.604297362267971039e-02
2.602828294038772583e-02
2.608230523765087128e-02
2.612419798970222473e-02
2.615411952137947083e-02
2.617224678397178650e-02
2.617877162992954254e-02
2.617389895021915436e-02
2.615784853696823120e-02
2.613084949553012848e-02
2.609314396977424622e-02
2.604498714208602905e-02
2.598664164543151855e-02
2.591838687658309937e-02
2.584050782024860382e-02
2.575329877436161041e-02
2.565706893801689148e-02
2.555212937295436859e-02
2.543880604207515717e-02
2.531742677092552185e-02
2.518833428621292114e-02
2.505186758935451508e-02
2.490837685763835907e-02
2.475821971893310547e-02
2.460174448788166046e-02
2.443931438028812408e-02
2.427128516137599945e-02
2.409800514578819275e-02
2.391982264816761017e-02
2.373707666993141174e-02
2.355009317398071289e-02
2.335918322205543518e-02
2.316464111208915710e-02
2.296673879027366638e-02
2.276572585105895996e-02
2.256182208657264709e-02
2.235521003603935242e-02
2.214604616165161133e-02
2.193444222211837769e-02
2.172047086060047150e-02
2.150417119264602661e-02
2.128552459180355072e-02
2.119855396449565887e-02
2.110594138503074646e-02
2.100753225386142731e-02
2.090317197144031525e-02
2.079270780086517334e-02
2.067597769200801849e-02
2.055282145738601685e-02
2.042307145893573761e-02
2.028656192123889923e-02
2.014312520623207092e-02
1.999258249998092651e-02
1.983475871384143829e-02
1.966946385800838470e-02
1.949649862945079803e-02
1.931565441191196442e-02
1.912670396268367767e-02
1.892939582467079163e-02
1.872346177697181702e-02
1.850860752165317535e-02
1.828451082110404968e-02
1.805082336068153381e-02
1.780717633664608002e-02
1.755316369235515594e-02
1.728836074471473694e-02
1.701232604682445526e-02
1.672459766268730164e-02
1.642470248043537140e-02
1.611217483878135681e-02
1.578655093908309937e-02
1.544738840311765671e-02
1.509427744895219803e-02
1.472685672342777252e-02
1.434483006596565247e-02
1.394798234105110168e-02
1.368151511996984482e-02
1.359854079782962799e-02
1.351123396307229996e-02
1.341953407973051071e-02
1.332337968051433563e-02
1.322271581739187241e-02
1.311749219894409180e-02
1.300765946507453918e-02
1.289317943155765533e-02
1.277401577681303024e-02
1.265013590455055237e-02
1.252151466906070709e-02
1.238813623785972595e-02
1.224998664110898972e-02
1.210706308484077454e-02
1.195936743170022964e-02
1.180690992623567581e-02
1.164971012622117996e-02
1.148779224604368210e-02
1.132119074463844299e-02
1.114994473755359650e-02
1.097410451620817184e-02
1.079372223466634750e-02
1.065730210393667221e-02
1.056529767811298370e-02
1.047146786004304886e-02
1.037597190588712692e-02
1.027895696461200714e-02
1.018056459724903107e-02
1.008093077689409256e-02
9.980184026062488556e-03
9.878445416688919067e-03
9.775832295417785645e-03
9.672457352280616760e-03
9.683048352599143982e-03
9.972644969820976257e-03
1.024365797638893127e-02
1.049624197185039520e-02
1.073062419891357422e-02
1.094708777964115143e-02
1.114597078412771225e-02
1.132764946669340134e-02
1.149254199117422104e-02
1.164109166711568832e-02
1.177376974374055862e-02
1.189106237143278122e-02
1.199346967041492462e-02
1.208150479942560196e-02
1.215568277984857559e-02
1.221652328968048096e-02
1.226454600691795349e-02
1.230026595294475555e-02
1.232419442385435104e-02
1.233683805912733078e-02
1.233869325369596481e-02
1.233024615794420242e-02
1.231197547167539597e-02
1.228434778749942780e-02
1.224781759083271027e-02
1.220282632857561111e-02
1.214980613440275192e-02
1.208917144685983658e-02
1.202132645994424820e-02
1.194666232913732529e-02
1.186555717140436172e-02
1.177837606519460678e-02
1.168547011911869049e-02
1.158717926591634750e-02
1.148383133113384247e-02
1.137573923915624619e-02
1.126320566982030869e-02
1.114652398973703384e-02
1.102597173303365707e-02
1.090181898325681686e-02
1.077432371675968170e-02
1.064373366534709930e-02
1.051028445363044739e-02
1.037420704960823059e-02
1.023571845144033432e-02
1.009502727538347244e-02
9.952336549758911133e-03
9.807837195694446564e-03
9.661713615059852600e-03
9.514144621789455414e-03
9.365296922624111176e-03
9.215333499014377594e-03
9.064409881830215454e-03
8.912674151360988617e-03
8.760267868638038635e-03
8.607327006757259369e-03
8.453981950879096985e-03
8.300357498228549957e-03
8.146571926772594452e-03
7.992739789187908173e-03
7.838969118893146515e-03
7.685364689677953720e-03
7.532027084380388260e-03
7.379049900919198990e-03
7.226525340229272842e-03
7.074539549648761749e-03
6.923175882548093796e-03
6.772513035684823990e-03
6.622628308832645416e-03
6.473592948168516159e-03
6.325476802885532379e-03
6.178344134241342545e-03
6.032259203493595123e-03
5.887281149625778198e-03
5.743467248976230621e-03
5.600871983915567398e-03
5.459546111524105072e-03
5.319540388882160187e-03
5.180899985134601593e-03
5.135400220751762390e-03
5.092012230306863785e-03
5.046409089118242264e-03
4.998736083507537842e-03
4.949131980538368225e-03
4.897732753306627274e-03
4.844667855650186539e-03
4.790063481777906418e-03
4.734041169285774231e-03
4.676717799156904221e-03
4.618204664438962936e-03
4.558611195534467697e-03
4.542250651866197586e-03
4.558041226118803024e-03
4.603278823196887970e-03
4.649284295737743378e-03
4.692922811955213547e-03
4.734189249575138092e-03
4.773080814629793167e-03
4.809594247490167618e-03
4.843729082494974136e-03
4.875485319644212723e-03
4.904863424599170685e-03
4.931866191327571869e-03
4.956496879458427429e-03
4.978759679943323135e-03
4.998660646378993988e-03
5.016205366700887680e-03
5.031401291489601135e-03
5.044256802648305893e-03
5.054781213402748108e-03
5.062984768301248550e-03
5.068878643214702606e-03
5.072473548352718353e-03
5.073784384876489639e-03
5.072823725640773773e-03
5.069605540484189987e-03
5.064145196229219437e-03
5.056458991020917892e-03
5.046563688665628433e-03
5.039645358920097351e-03
5.050849169492721558e-03
5.061061121523380280e-03
5.070243496447801590e-03
5.078360438346862793e-03
5.085378885269165039e-03
5.091268103569746017e-03
5.096001550555229187e-03
5.099552217870950699e-03
5.101898219436407089e-03
5.103018600493669510e-03
5.102896597236394882e-03
5.101515445858240128e-03
5.098862573504447937e-03
5.094927269965410233e-03
5.089702550321817398e-03
5.083180498331785202e-03
5.075358785688877106e-03
5.066235084086656570e-03
5.055810324847698212e-03
5.044086370617151260e-03
5.031068809330463409e-03
5.016763228923082352e-03
5.001177545636892319e-03
4.984322469681501389e-03
4.966209642589092255e-03
4.946851171553134918e-03
4.926262889057397842e-03
4.904460161924362183e-03
4.881460685282945633e-03
4.857282619923353195e-03
4.831945989280939102e-03
4.805471282452344894e-03
4.777881316840648651e-03
4.749197512865066528e-03
4.719444550573825836e-03
4.688646178692579269e-03
4.656827542930841446e-03
4.624014254659414291e-03
4.590232856571674347e-03
4.555509425699710846e-03
4.519871436059474945e-03
4.483345896005630493e-03
4.445960745215415955e-03
4.407743457704782486e-03
4.368721973150968552e-03
4.328924696892499924e-03
4.288379568606615067e-03
4.247114062309265137e-03
4.205157049000263214e-03
4.162536002695560455e-03
4.119277931749820709e-03
4.075411241501569748e-03
4.030963405966758728e-03
3.985960502177476883e-03
3.940429072827100754e-03
3.894396591931581497e-03
3.847888438031077385e-03
3.800929756835103035e-03
3.753545461222529411e-03
3.705761162564158440e-03
3.657599911093711853e-03
3.609086154028773308e-03
3.560243174433708191e-03
3.511093091219663620e-03
3.461658954620361328e-03
3.411961719393730164e-03
3.362023271620273590e-03
3.311863401904702187e-03
3.261503297835588455e-03
3.210962051525712013e-03
3.160258755087852478e-03
3.109412034973502159e-03
3.058440284803509712e-03
3.007361199706792831e-03
2.956191310659050941e-03
2.904947381466627121e-03
2.853645710274577141e-03
2.802301663905382156e-03
2.750931074842810631e-03
2.699548145756125450e-03
2.648168243467807770e-03
2.596804173663258553e-03
2.545469906181097031e-03
2.494178712368011475e-03
2.442943397909402847e-03
2.391776302829384804e-03
2.340689767152070999e-03
2.289695665240287781e-03
2.267779316753149033e-03
2.268555806949734688e-03
2.269313205033540726e-03
2.270046388730406761e-03
2.270749537274241447e-03
2.271416829898953438e-03
2.272042678669095039e-03
2.272621262818574905e-03
2.273146761581301689e-03
2.273613587021827698e-03
2.274015685543417931e-03
2.274347702041268349e-03
2.274603582918643951e-03
2.274777740240097046e-03
2.274864353239536285e-03
2.274858066812157631e-03
2.274753060191869736e-03
2.274544211104512215e-03
2.274225698783993721e-03
2.273792633786797523e-03
2.273239661008119583e-03
2.272561658173799515e-03
2.271753270179033279e-03
2.270810306072235107e-03
2.269727643579244614e-03
2.268500393256545067e-03
2.267124596983194351e-03
2.265595598146319389e-03
2.263909205794334412e-03
2.262061228975653648e-03
2.260047709569334984e-03
2.257864922285079956e-03
2.255509374663233757e-03
2.252977341413497925e-03
2.250265562906861305e-03
2.247370546683669090e-03
2.244289498776197433e-03
2.241019625216722488e-03
2.237557899206876755e-03
2.233901759609580040e-03
2.230049110949039459e-03
2.225997159257531166e-03
2.221744274720549583e-03
2.217288129031658173e-03
2.212627092376351357e-03
2.207759534940123558e-03
2.202683594077825546e-03
2.197398571297526360e-03
2.191902836784720421e-03
2.186195459216833115e-03
2.180275507271289825e-03
2.174142515286803246e-03
2.167795319110155106e-03
2.161234384402632713e-03
2.154458547011017799e-03
2.147468039765954018e-03
2.140263095498085022e-03
2.132843481376767159e-03
2.125209663063287735e-03
2.117361873388290405e-03
2.109301276504993439e-03
2.101028105244040489e-03
2.092543290928006172e-03
2.083847532048821449e-03
2.074942458420991898e-03
2.065829234197735786e-03
2.056508790701627731e-03
2.046982990577816963e-03
2.037253463640809059e-03
2.027321839705109596e-03
2.017190214246511459e-03
2.006860217079520226e-03
1.996334409341216087e-03
1.985614653676748276e-03
1.974703511223196983e-03
1.963603077456355095e-03
1.952316146343946457e-03
1.940845162607729435e-03
1.929193269461393356e-03
1.917363028042018414e-03
1.905357348732650280e-03
1.893179374746978283e-03
1.880832132883369923e-03
1.868318999186158180e-03
1.855643233284354210e-03
1.842808094806969166e-03
1.829817309044301510e-03
1.816674252040684223e-03
1.803382416255772114e-03
1.789945643395185471e-03
1.776367658749222755e-03
1.762652304023504257e-03
1.748803537338972092e-03
1.734825200401246548e-03
1.720721251331269741e-03
1.706495881080627441e-03
1.692153164185583591e-03
1.677697291597723961e-03
1.663132570683956146e-03
1.648462959565222263e-03
1.633692998439073563e-03
1.618826761841773987e-03
1.603869022801518440e-03
1.588823739439249039e-03
1.573695451952517033e-03
1.558488700538873672e-03
1.543208025395870209e-03
1.527857733890414238e-03
1.512442482635378838e-03
1.496966695412993431e-03
1.481435145251452923e-03
1.465851906687021255e-03
1.450221752747893333e-03
1.434549456462264061e-03
1.418839558027684689e-03
1.403096481226384640e-03
1.387324766255915165e-03
1.371529069729149342e-03
1.355713699012994766e-03
1.339883427135646343e-03
1.324042794294655323e-03
1.308196340687572956e-03
1.292348490096628666e-03
1.276503666304051876e-03
1.260666409507393837e-03
1.244841143488883972e-03
1.229032292030751705e-03
1.213244278915226460e-03
1.197481411509215832e-03
1.181748230010271072e-03
1.166048692539334297e-03
1.150387455709278584e-03
1.134768477641046047e-03
1.119196065701544285e-03
1.103674410842359066e-03
1.095400075428187847e-03
1.090610167011618614e-03
1.085584051907062531e-03
1.080330344848334789e-03
1.074857194907963276e-03
1.069172867573797703e-03
1.063285861164331436e-03
1.057204324752092361e-03
1.050936640240252018e-03
1.044490956701338291e-03
1.037875888869166374e-03
1.041206996887922287e-03
1.060309936292469501e-03
1.078649307601153851e-03
1.096222200430929661e-03
1.113026053644716740e-03
1.129059353843331337e-03
1.144321053288877010e-03
1.158810220658779144e-03
1.172527321614325047e-03
1.185472356155514717e-03
1.197646954096853733e-03
1.209052279591560364e-03
1.219690893776714802e-03
1.229565474204719067e-03
1.238679047673940659e-03
1.247035455889999866e-03
1.254639122635126114e-03
1.261494704522192478e-03
1.267607440240681171e-03
1.272983034141361713e-03
1.277627889066934586e-03
1.281548407860100269e-03
1.284751808270812035e-03
1.287245773710310459e-03
1.289038220420479774e-03
1.290137763135135174e-03
1.290553133003413677e-03
1.290293643251061440e-03
1.289368839934468269e-03
1.287788851186633110e-03
1.285564154386520386e-03
1.282705343328416348e-03
1.279223710298538208e-03
1.275130431167781353e-03
1.270437496714293957e-03
1.265156781300902367e-03
1.259300857782363892e-03
1.252881949767470360e-03
1.245913328602910042e-03
1.238408032804727554e-03
1.230379450134932995e-03
1.221841201186180115e-03
1.212807139381766319e-03
1.203291350975632668e-03
1.193308038637042046e-03
1.182871405035257339e-03
1.171996234916150570e-03
1.160697196610271931e-03
1.148988958448171616e-03
1.136886770837008953e-03
1.124405534937977791e-03
1.111560617573559284e-03
1.098367036320269108e-03
1.084840158000588417e-03
1.070995233021676540e-03
1.056847977451980114e-03
1.042413525283336639e-03
1.027707708999514580e-03
1.012745662592351437e-03
9.975432185456156731e-04
9.861094877123832703e-04
9.828621987253427505e-04
9.793854551389813423e-04
9.756832150742411613e-04
9.717593784444034100e-04
9.676180779933929443e-04
9.632636210881173611e-04
9.587004315108060837e-04
9.539329912513494492e-04
9.489658987149596214e-04
9.447761694900691509e-04
9.461232693865895271e-04
9.473951067775487900e-04
9.485930204391479492e-04
9.497185819782316685e-04
9.507731883786618710e-04
9.517583530396223068e-04
9.526757057756185532e-04
9.535265271551907063e-04
9.543122723698616028e-04
9.550346294417977333e-04
9.556950535625219345e-04
9.562949417158961296e-04
9.568358655087649822e-04
9.573191055096685886e-04
9.577462333254516125e-04
9.581187623552978039e-04
9.584382642060518265e-04
9.587059030309319496e-04
9.589232504367828369e-04
9.590917034074664116e-04
9.592126589268445969e-04
9.592875721864402294e-04
9.593177237547934055e-04
9.593046270310878754e-04
9.592495043762028217e-04
9.591536945663392544e-04
9.590186527930200100e-04
9.588456596247851849e-04
9.586361120454967022e-04
9.583911160007119179e-04
9.581120102666318417e-04
9.577999589964747429e-04
9.574564173817634583e-04
9.570825495757162571e-04
9.566794033162295818e-04
9.562483755871653557e-04
9.557903977110981941e-04
9.553068084642291069e-04
9.547986555844545364e-04
9.542670450173318386e-04
9.537131991237401962e-04
9.531379910185933113e-04
9.525424684397876263e-04
9.519277373328804970e-04
9.512947290204465389e-04
9.506446076557040215e-04
9.499781299382448196e-04
9.492963436059653759e-04
9.486000635661184788e-04
9.478902793489396572e-04
9.510908275842666626e-04
9.565106010995805264e-04
9.616613970138132572e-04
9.665440302342176437e-04
9.711596649140119553e-04
9.755095816217362881e-04
9.795951191335916519e-04
9.834177326411008835e-04
9.869792265817523003e-04
9.902815800160169601e-04
9.933264227584004402e-04
9.961161995306611061e-04
9.986527729779481888e-04
1.000938704237341881e-03
1.002976554445922375e-03
1.004768768325448036e-03
1.006318023428320885e-03
1.007627346552908421e-03
1.008699415251612663e-03
1.009537489153444767e-03
1.010144478641450405e-03
1.010523643344640732e-03
1.010678242892026901e-03
1.010611653327941895e-03
1.010327367112040520e-03
1.009828876703977585e-03
1.009119790978729725e-03
1.008203835226595402e-03
1.007084618322551250e-03
1.005766098387539387e-03
1.004252000711858273e-03
1.002546399831771851e-03
1.000653137452900410e-03
9.985764045268297195e-04
9.963201591745018959e-04
9.938884759321808815e-04
9.912853129208087921e-04
9.885150939226150513e-04
9.855820098891854286e-04
9.824901353567838669e-04
9.792436612769961357e-04
9.758471278473734856e-04
9.723045513965189457e-04
9.686202974990010262e-04
9.647986735217273235e-04
9.608439286239445210e-04
9.567604283802211285e-04
9.525524801574647427e-04
9.482243331149220467e-04
9.437804692424833775e-04
9.392248466610908508e-04
9.345620637759566307e-04
9.297963115386664867e-04
9.249316644854843616e-04
9.199725463986396790e-04
9.149230900220572948e-04
9.097875445149838924e-04
9.045699844136834145e-04
9.016432450152933598e-04
9.009253117255866528e-04
9.002087754197418690e-04
8.994935196824371815e-04
8.987791370600461960e-04
8.980654529295861721e-04
8.973521762527525425e-04
8.966388995759189129e-04
8.959255646914243698e-04
8.952118223533034325e-04
8.944973233155906200e-04
8.937818347476422787e-04
8.930649491958320141e-04
8.923464338295161724e-04
8.916259976103901863e-04
8.909032912924885750e-04
8.901781402528285980e-04
8.894500788301229477e-04
8.887188741937279701e-04
8.879841770976781845e-04
8.872457547113299370e-04
8.865031413733959198e-04
8.857560460455715656e-04
8.850041776895523071e-04
8.842470124363899231e-04
8.834844920784235001e-04
8.827160927467048168e-04
8.819415234029293060e-04
8.811607258394360542e-04
8.803731179796159267e-04
8.795784087851643562e-04
8.787763654254376888e-04
8.779665804468095303e-04
8.771488792262971401e-04
8.763227378949522972e-04
8.754880400374531746e-04
8.746444364078342915e-04
8.737916359677910805e-04
8.729292894713580608e-04
8.720572805032134056e-04
8.711752598173916340e-04
8.702829945832490921e-04
8.693800773471593857e-04
8.684662752784788609e-04
8.675411809235811234e-04
8.666047942824661732e-04
8.656566496938467026e-04
8.646965725347399712e-04
8.637243299745023251e-04
8.627397473901510239e-04
8.617426501587033272e-04
8.607326890341937542e-04
8.597098058089613914e-04
8.586737094447016716e-04
8.576242253184318542e-04
8.565611788071691990e-04
8.554844534955918789e-04
8.543937583453953266e-04
8.532890351489186287e-04
8.521701092831790447e-04
8.510368061251938343e-04
8.498889510519802570e-04
8.487266022711992264e-04
8.475494687445461750e-04
8.463575504720211029e-04
8.451507310383021832e-04
8.439288358204066753e-04
8.426919230259954929e-04
8.414398762397468090e-04
8.401725208386778831e-04
8.388899150304496288e-04
8.375921170227229595e-04
8.362789521925151348e-04
8.349504205398261547e-04
8.336065802723169327e-04
8.322473149746656418e-04
8.308727992698550224e-04
8.294830331578850746e-04
8.280780166387557983e-04
8.266576915048062801e-04
8.252222905866801739e-04
8.237716392613947392e-04
8.223060285672545433e-04
8.208254585042595863e-04
8.193300454877316952e-04
8.178199059329926968e-04
8.162951562553644180e-04
8.147556800395250320e-04
8.132018847391009331e-04
8.116337703540921211e-04
8.100513950921595097e-04
8.084550499916076660e-04
8.068445604294538498e-04
8.052204502746462822e-04
8.035827195271849632e-04
8.019316592253744602e-04
8.002673857845366001e-04
7.985900738276541233e-04
7.969000143930315971e-04
7.951972656883299351e-04
7.934821769595146179e-04
7.917549810372292995e-04
7.900159107521176338e-04
7.882650243118405342e-04
7.865027873776853085e-04
7.847293745726346970e-04
7.829450769349932671e-04
7.811500690877437592e-04
7.793447002768516541e-04
7.775291451252996922e-04
7.757036946713924408e-04
7.738686981610953808e-04
7.720244466327130795e-04
7.701713475398719311e-04
7.683095172978937626e-04
7.664394215680658817e-04
7.645611767657101154e-04
7.626752485521137714e-04
7.607818697579205036e-04
7.588813896290957928e-04
7.569741574116051197e-04
7.550604641437530518e-04
7.531407172791659832e-04
7.512152660638093948e-04
7.492844015359878540e-04
7.473484147340059280e-04
7.454077713191509247e-04
7.434627041220664978e-04
7.415136788040399551e-04
7.395608699880540371e-04
7.376048015430569649e-04
7.356456480920314789e-04
7.336839917115867138e-04
7.317199488170444965e-04
7.297540432773530483e-04
7.277863915078341961e-04
7.258176920004189014e-04
7.238481775857508183e-04
7.218781975097954273e-04
7.199081010185182095e-04
7.179382373578846455e-04
7.159688975661993027e-04
7.140004308894276619e-04
7.120334776118397713e-04
7.100681541487574577e-04
7.081048679538071156e-04
7.061439682729542255e-04
7.041858043521642685e-04
7.022307836450636387e-04
7.002790807746350765e-04
6.983312778174877167e-04
6.963875493966042995e-04
6.944483611732721329e-04
6.925139459781348705e-04
6.905847112648189068e-04
6.886609480716288090e-04
6.867429474368691444e-04
6.848310003988444805e-04
6.829253397881984711e-04
6.810265476815402508e-04
6.791348569095134735e-04
6.772503838874399662e-04
6.753736524842679501e-04
6.735050701536238194e-04
6.716446368955075741e-04
6.697928183712065220e-04
6.679498474113643169e-04
6.661160150542855263e-04
6.642917287535965443e-04
6.624771049246191978e-04
6.606723763979971409e-04
6.588780088350176811e-04
6.570940604433417320e-04
6.553208804689347744e-04
6.535586435347795486e-04
6.518076988868415356e-04
6.500682211481034756e-04
6.483405013568699360e-04
6.466247141361236572e-04
6.449211505241692066e-04
6.432299269363284111e-04
6.415512762032449245e-04
6.398854311555624008e-04
6.382325664162635803e-04
6.365929148159921169e-04
6.349667673930525780e-04
6.333541823551058769e-04
6.317553343251347542e-04
6.301703979261219501e-04
6.285994895733892918e-04
6.270428420975804329e-04
6.255005719140172005e-04
6.239728536456823349e-04
6.224597455002367496e-04
6.209614221006631851e-04
6.194779416546225548e-04
6.180094787850975990e-04
6.165562663227319717e-04
6.151181878522038460e-04
6.136954179964959621e-04
6.122881313785910606e-04
6.108964444138109684e-04
6.095201242715120316e-04
6.081595784053206444e-04
6.068146903999149799e-04
6.054856348782777786e-04
6.041724118404090405e-04
6.028751377016305923e-04
6.015937542542815208e-04
6.003282032907009125e-04
5.990786594338715076e-04
5.978450644761323929e-04
5.966275930404663086e-04
5.954261287115514278e-04
5.942406714893877506e-04
5.930713377892971039e-04
5.919180111959576607e-04
5.907806917093694210e-04
5.896593211218714714e-04
5.885539576411247253e-04
5.874644848518073559e-04
5.863908445462584496e-04
5.853330949321389198e-04
5.842911195941269398e-04
5.832649767398834229e-04
5.822544335387647152e-04
5.812594899907708168e-04
5.802800296805799007e-04
5.793160526081919670e-04
5.783673259429633617e-04
5.774339078925549984e-04
5.765158566646277905e-04
5.756129394285380840e-04
5.747249815613031387e-04
5.738519248552620411e-04
5.729936528950929642e-04
5.721501074731349945e-04
5.713211139664053917e-04
5.705064977519214153e-04
5.697062006220221519e-04
5.689201643690466881e-04
5.681481561623513699e-04
5.673900595866143703e-04
5.666457582265138626e-04
5.659151938743889332e-04
5.651980172842741013e-04
5.644941702485084534e-04
5.638035945594310760e-04
5.631261155940592289e-04
5.624614423140883446e-04
5.618094000965356827e-04
5.611699889414012432e-04
5.605429760180413723e-04
5.599281284958124161e-04
5.593253299593925476e-04
5.587343475781381130e-04
5.581550649367272854e-04
5.575873074121773243e-04
5.570307839661836624e-04
5.564853199757635593e-04
5.559508572332561016e-04
5.554271629080176353e-04
5.549140041694045067e-04
5.544112646020948887e-04
5.539187113754451275e-04
5.534361698664724827e-04
5.529635236598551273e-04
5.525005399249494076e-04
5.520468694157898426e-04
5.516024539247155190e-04
5.511671188287436962e-04
5.507405148819088936e-04
5.503225838765501976e-04
5.499132093973457813e-04
5.495119839906692505e-04
5.491186748258769512e-04
5.487332819029688835e-04
5.483555723913013935e-04
5.479853716678917408e-04
5.476223304867744446e-04
5.472663906402885914e-04
5.469172610901296139e-04
5.465748254209756851e-04
5.462387925945222378e-04
5.459091044031083584e-04
5.455855862237513065e-04
5.452678888104856014e-04
5.449559539556503296e-04
5.446494906209409237e-04
5.443483823910355568e-04
5.440525128506124020e-04
5.437615327537059784e-04
5.434755003079771996e-04
5.431938916444778442e-04
5.429167067632079124e-04
5.426438292488455772e-04
5.423750844784080982e-04
5.421100649982690811e-04
5.418488290160894394e-04
5.415910854935646057e-04
5.413367762230336666e-04
5.410856101661920547e-04
5.408376455307006836e-04
5.405925330705940723e-04
5.403502145782113075e-04
5.401105736382305622e-04
5.398734356276690960e-04
5.396385677158832550e-04
5.394059116952121258e-04
5.391751765273511410e-04
5.389463622123003006e-04
5.387192359194159508e-04
5.384936230257153511e-04
5.382694653235375881e-04
5.380466463975608349e-04
5.378249916248023510e-04
5.376043263822793961e-04
5.373845342546701431e-04
5.371655570343136787e-04
5.369471036829054356e-04
5.367293488234281540e-04
5.365120596252381802e-04
5.362951196730136871e-04
5.360784707590937614e-04
5.358619382604956627e-04
5.356455221772193909e-04
5.354290478862822056e-04
5.352124571800231934e-04
5.349955754354596138e-04
5.347784026525914669e-04
5.345608224160969257e-04
5.343426018953323364e-04
5.341237992979586124e-04
5.339043564163148403e-04
5.336840986274182796e-04
5.334630841389298439e-04
5.332410801202058792e-04
5.330180865712463856e-04
5.327941616997122765e-04
5.325691308826208115e-04
5.323430523276329041e-04
5.321158096194267273e-04
5.318873445503413677e-04
5.316576571203768253e-04
5.314266891218721867e-04
5.311942659318447113e-04
5.309605039656162262e-04
5.307252868078649044e-04
5.304886144585907459e-04
5.302503705024719238e-04
5.300106713548302650e-04
5.297694006003439426e-04
5.295265582390129566e-04
5.292820860631763935e-04
5.290360422804951668e-04
5.287884268909692764e-04
5.285392398945987225e-04
5.282884230837225914e-04
5.280359182506799698e-04
5.277818418107926846e-04
5.275260773487389088e-04
5.272685666568577290e-04
5.270094261504709721e-04
5.267484812065958977e-04
5.264859646558761597e-04
5.262217018753290176e-04
5.259557510726153851e-04
5.256882286630570889e-04
5.254190182313323021e-04
5.251481779851019382e-04
5.248758243396878242e-04
5.246020155027508736e-04
5.243265768513083458e-04
5.240496248006820679e-04
5.237711593508720398e-04
5.234912387095391750e-04
5.232098628766834736e-04
5.229270318523049355e-04
5.226428038440644741e-04
5.223571206443011761e-04
5.220702150836586952e-04
5.217820289544761181e-04
5.214926204644143581e-04
5.212019896134734154e-04
5.209101364016532898e-04
5.206171772442758083e-04
5.203231121413409710e-04
5.200279410928487778e-04
5.197317223064601421e-04
5.194345721974968910e-04
5.191363743506371975e-04
5.188373615965247154e-04
5.185375339351594448e-04
5.182370077818632126e-04
5.179356667213141918e-04
5.176336853764951229e-04
5.173310055397450924e-04
5.170276854187250137e-04
5.167236668057739735e-04
5.164191825315356255e-04
5.161142325960099697e-04
5.158089334145188332e-04
5.155032849870622158e-04
5.151974037289619446e-04
5.148912314325571060e-04
5.145847680978477001e-04
5.142780719324946404e-04
5.139712593518197536e-04
5.136644467711448669e-04
5.133576341904699802e-04
5.130508216097950935e-04
5.127441836521029472e-04
5.124377203173935413e-04
5.121313151903450489e-04
5.118250846862792969e-04
5.115192034281790257e-04
5.112136714160442352e-04
5.109085468575358391e-04
5.106037715449929237e-04
5.102995201013982296e-04
5.099956761114299297e-04
5.096924724057316780e-04
5.093899089843034744e-04
5.090880440548062325e-04
5.087868194095790386e-04
5.084862932562828064e-04
5.081865238025784492e-04
5.078876274637877941e-04
5.075896624475717545e-04
5.072925705462694168e-04
5.069964099675416946e-04
5.067012389190495014e-04
5.064071156084537506e-04
5.061140982434153557e-04
5.058221868239343166e-04
5.055313231423497200e-04
5.052416818216443062e-04
5.049532046541571617e-04
5.046660080552101135e-04
5.043801502324640751e-04
5.040955147705972195e-04
5.038122180849313736e-04
5.035302601754665375e-04
5.032497574575245380e-04
5.029706517234444618e-04
5.026929429732263088e-04
5.024166894145309925e-04
5.021420074626803398e-04
5.018687807023525238e-04
5.015970673412084579e-04
5.013269837945699692e-04
5.010584718547761440e-04
5.007915315218269825e-04
5.005262210033833981e-04
5.002623656764626503e-04
5.000001983717083931e-04
4.997397772967815399e-04
4.994809278286993504e-04
4.992238827981054783e-04
4.989684675820171833e-04
4.987147403880953789e-04
4.984626430086791515e-04
4.982122918590903282e-04
4.979636869393289089e-04
4.977168282493948936e-04
4.974715993739664555e-04
4.972281749360263348e-04
4.969864385202527046e-04
4.967464483343064785e-04
4.965080879628658295e-04
4.962714738212525845e-04
4.960366059094667435e-04
4.958034260198473930e-04
4.955719341523945332e-04
4.953421885147690773e-04
4.951140726916491985e-04
4.948876448906958103e-04
4.946629051119089127e-04
4.944396787323057652e-04
4.942181403748691082e-04
4.939982900395989418e-04
4.937800113111734390e-04
4.935634206049144268e-04
4.933482850901782513e-04
4.931347793899476528e-04
4.929229035042226315e-04
4.927124246023595333e-04
4.925035173073410988e-04
4.922960652038455009e-04
4.920900682918727398e-04
4.918855847790837288e-04
4.916825564578175545e-04
4.914808669127523899e-04
4.912804579362273216e-04
4.910814459435641766e-04
4.908838891424238682e-04
4.906874964945018291e-04
4.904924426227807999e-04
4.902987275272607803e-04
4.901060601696372032e-04
4.899145569652318954e-04
4.897242761217057705e-04
4.895351012237370014e-04
4.893469740636646748e-04
4.891598946414887905e-04
4.889739211648702621e-04
4.887889372184872627e-04
4.886048263870179653e-04
4.884217050857841969e-04
4.882395151071250439e-04
4.880581400357186794e-04
4.878776380792260170e-04
4.876978928223252296e-04
4.875189333688467741e-04
4.873406141996383667e-04
4.871630808338522911e-04
4.869861877523362637e-04
4.868098476435989141e-04
4.866340605076402426e-04
4.864589136559516191e-04
4.862842615693807602e-04
4.861100751440972090e-04
4.859363834839314222e-04
4.857630410697311163e-04
4.855901643168181181e-04
4.854174621868878603e-04
4.852451675105839968e-04
4.850731056649237871e-04
4.849012766499072313e-04
4.847295349463820457e-04
4.845580260735005140e-04
4.843866336159408092e-04
4.842153575737029314e-04
4.840440233238041401e-04
4.838726890739053488e-04
4.837013257201761007e-04
4.835299041587859392e-04
4.833584243897348642e-04
4.831865953747183084e-04
4.830147081520408392e-04
4.828426463063806295e-04
4.826703807339072227e-04
4.824978241231292486e-04
4.823249182663857937e-04
4.821516340598464012e-04
4.819780879188328981e-04
4.818041052203625441e-04
4.816296568606048822e-04
4.814546846318989992e-04
4.812791594304144382e-04
4.811031394638121128e-04
4.809265374206006527e-04
4.807493824046105146e-04
4.805715288966894150e-04
4.803930060006678104e-04
4.802138137165457010e-04
4.800338065251708031e-04
4.798530717380344868e-04
4.796715802513062954e-04
4.794892447534948587e-04
4.793061234522610903e-04
4.791221290361136198e-04
4.789372032973915339e-04
4.787513171322643757e-04
4.785645578522235155e-04
4.783768381457775831e-04
4.781881580129265785e-04
4.779985465575009584e-04
4.778079164680093527e-04
4.776162095367908478e-04
4.774233966600149870e-04
4.772294196300208569e-04
4.770343657582998276e-04
4.768381768371909857e-04
4.766408237628638744e-04
4.764421319123357534e-04
4.762423050124198198e-04
4.760412848554551601e-04
4.758391296491026878e-04
4.756358102895319462e-04
4.754312103614211082e-04
4.752254462800920010e-04
4.750183725263923407e-04
4.748100764118134975e-04
4.746004124172031879e-04
4.743895551655441523e-04
4.741774464491754770e-04
4.739639698527753353e-04
4.737491835840046406e-04
4.735330294352024794e-04
4.733155656140297651e-04
4.730967339128255844e-04
4.728765634354203939e-04
4.726550541818141937e-04
4.724321770481765270e-04
4.722079029306769371e-04
4.719822609331458807e-04
4.717553383670747280e-04
4.715270188171416521e-04
4.712973022833466530e-04
4.710662760771811008e-04
4.708337655756622553e-04
4.705998871941119432e-04
4.703645245172083378e-04
4.701277648564428091e-04
4.698894917964935303e-04
4.696498217526823282e-04
4.694088420365005732e-04
4.691663198173046112e-04
4.689225461333990097e-04
4.686772590503096581e-04
4.684306913986802101e-04
4.681828140746802092e-04
4.679335979744791985e-04
4.676829848904162645e-04
4.674310039263218641e-04
4.671776841860264540e-04
4.669230256695300341e-04
4.666671447921544313e-04
4.664099251385778189e-04
4.661514249164611101e-04
4.658916732296347618e-04
4.656307573895901442e-04
4.653685900848358870e-04
4.651049675885587931e-04
4.648401809390634298e-04
4.645741719286888838e-04
4.643069405574351549e-04
4.640386032406240702e-04
4.637690435629338026e-04
4.634983779396861792e-04
4.632264608517289162e-04
4.629535251297056675e-04
4.626793379429727793e-04
4.624040739145129919e-04
4.621277912519872189e-04
4.618504899553954601e-04
4.615719371940940619e-04
4.612924531102180481e-04
4.610118921846151352e-04
4.607303999364376068e-04
4.604479181580245495e-04
4.601644759532064199e-04
4.598799860104918480e-04
4.595945938490331173e-04
4.593083285726606846e-04
4.590211610775440931e-04
4.587330622598528862e-04
4.584441194310784340e-04
4.581543034873902798e-04
4.578636435326188803e-04
4.575722559820860624e-04
4.572800535243004560e-04
4.569871525745838881e-04
4.566934949252754450e-04
4.563990223687142134e-04
4.561039386317133904e-04
4.558080981951206923e-04
4.555115883704274893e-04
4.552144382614642382e-04
4.549167060758918524e-04
4.546183336060494184e-04
4.543192917481064796e-04
4.540197551250457764e-04
4.537196364253759384e-04
4.534189356490969658e-04
4.531177110038697720e-04
4.528159915935248137e-04
4.525138938333839178e-04
4.522113304119557142e-04
4.519083304330706596e-04
4.516047774814069271e-04
4.513008752837777138e-04
4.509966238401830196e-04
4.506920522544533014e-04
4.503871314227581024e-04
4.500819195527583361e-04
4.497764457482844591e-04
4.494706518016755581e-04
4.491645086091011763e-04
4.488581616897135973e-04
4.485516110435128212e-04
4.482448857743293047e-04
4.479378985706716776e-04
4.476307367440313101e-04
4.473234293982386589e-04
4.470160638447850943e-04
4.467084945645183325e-04
4.464008088689297438e-04
4.460930649656802416e-04
4.457852046471089125e-04
4.454771988093852997e-04
4.451690765563398600e-04
4.448610707186162472e-04
4.445530066732317209e-04
4.442449426278471947e-04
4.439368785824626684e-04
4.436288436409085989e-04
4.433208960108458996e-04
4.430130356922745705e-04
4.427052917890250683e-04
4.423975769896060228e-04
4.420899786055088043e-04
4.417825257405638695e-04
4.414751892909407616e-04
4.411679692566394806e-04
4.408608947414904833e-04
4.405540239531546831e-04
4.402472113724797964e-04
4.399405443109571934e-04
4.396340809762477875e-04
4.393278213683515787e-04
4.390218819025903940e-04
4.387160297483205795e-04
4.384104395285248756e-04
4.381050821393728256e-04
4.377999866846948862e-04
4.374950658529996872e-04
4.371904069557785988e-04
4.368860099930316210e-04
4.365819622762501240e-04
4.362780891824513674e-04
4.359745944384485483e-04
4.356714198365807533e-04
4.353686235845088959e-04
4.350661765784025192e-04
4.347640497144311666e-04
4.344623303040862083e-04
4.341609601397067308e-04
4.338599974289536476e-04
4.335593257565051317e-04
4.332589160185307264e-04
4.329588846303522587e-04
4.326592315919697285e-04
4.323599860072135925e-04
4.320610605645924807e-04
4.317624843679368496e-04
4.314643156249076128e-04
4.311664670240134001e-04
4.308689967729151249e-04
4.305718757677823305e-04
4.302751040086150169e-04
4.299787979107350111e-04
4.296829574741423130e-04
4.293873789720237255e-04
4.290921788197010756e-04
4.287974152248352766e-04
4.285030590835958719e-04
4.282092268113046885e-04
4.279157146811485291e-04
4.276225517969578505e-04
4.273298254702240229e-04
4.270375357009470463e-04
4.267457115929573774e-04
4.264542658347636461e-04
4.261632566340267658e-04
4.258726548869162798e-04
4.255824896972626448e-04
4.252927610650658607e-04
4.250033816788345575e-04
4.247144388500601053e-04
4.244258452672511339e-04
4.241376882418990135e-04
4.238498222548514605e-04
4.235622182022780180e-04
4.232750507071614265e-04
4.229882906656712294e-04
4.227019089739769697e-04
4.224157892167568207e-04
4.221301060169935226e-04
4.218447138555347919e-04
4.215596418362110853e-04
4.212750354781746864e-04
4.209906910546123981e-04
4.207066958770155907e-04
4.204230790492147207e-04
4.201397241558879614e-04
4.198567767161875963e-04
4.195741785224527121e-04
4.192919295746833086e-04
4.190100007690489292e-04
4.187284212093800306e-04
4.184471617918461561e-04
4.181662807241082191e-04
4.178855742793530226e-04
4.176052461843937635e-04
4.173251218162477016e-04
4.170452593825757504e-04
4.167657170910388231e-04
4.164864658378064632e-04
4.162073892075568438e-04
4.159286618232727051e-04
4.156501963734626770e-04
4.153720219619572163e-04
4.150940512772649527e-04
4.148163134232163429e-04
4.145387792959809303e-04
4.142615944147109985e-04
4.139845841564238071e-04
4.137077776249498129e-04
4.134311457164585590e-04
4.131547175347805023e-04
4.128785221837460995e-04
4.126026469748467207e-04
4.123268881812691689e-04
4.120513622183352709e-04
4.117759526707231998e-04
4.115008341614156961e-04
4.112259193789213896e-04
4.109511501155793667e-04
4.106765263713896275e-04
4.104020481463521719e-04
4.101277736481279135e-04
4.098536737728863955e-04
4.095798649359494448e-04
4.093061434105038643e-04
4.090325091965496540e-04
4.087590787094086409e-04
4.084857937414199114e-04
4.082127125002443790e-04
4.079397767782211304e-04
4.076669283676892519e-04
4.073941672686487436e-04
4.071215807925909758e-04
4.068491398356854916e-04
4.065768443979322910e-04
4.063045780640095472e-04
4.060324281454086304e-04
4.057604819536209106e-04
4.054886521771550179e-04
4.052168806083500385e-04
4.049451963510364294e-04
4.046736285090446472e-04
4.044021479785442352e-04
4.041307256557047367e-04
4.038594488520175219e-04
4.035881720483303070e-04
4.033170407637953758e-04
4.030459385830909014e-04
4.027749237138777971e-04
4.025039088446646929e-04
4.022329521831125021e-04
4.019621410407125950e-04
4.016913298983126879e-04
4.014206642750650644e-04
4.011500277556478977e-04
4.008794494438916445e-04
4.006088129244744778e-04
4.003382346127182245e-04
4.000677145086228848e-04
3.997971653006970882e-04
3.995266451966017485e-04
3.992562415078282356e-04
3.989858960267156363e-04
3.987155796494334936e-04
3.984452632721513510e-04
3.981749759986996651e-04
3.979046596214175224e-04
3.976343723479658365e-04
3.973641432821750641e-04
3.970939142163842916e-04
3.968236851505935192e-04
3.965534851886332035e-04
3.962834016419947147e-04
3.960134054068475962e-04
3.957434382755309343e-04
3.954735293518751860e-04
3.952036786358803511e-04
3.949339152313768864e-04
3.946642100345343351e-04
3.943945630453526974e-04
3.941249742638319731e-04
3.938554145861417055e-04
3.935859131161123514e-04
3.933164989575743675e-04
3.930471430066972971e-04
3.927777579519897699e-04
3.925085475202649832e-04
3.922393370885401964e-04
3.919701848644763231e-04
3.917010908480733633e-04
3.914320841431617737e-04
3.911631356459110975e-04
3.908943326678127050e-04
3.906257043126970530e-04
3.903571050614118576e-04
3.900886222254484892e-04
3.898201684933155775e-04
3.895518602803349495e-04
3.892837266903370619e-04
3.890155931003391743e-04
3.887475468218326569e-04
3.884796460624784231e-04
3.882118326146155596e-04
3.879441646859049797e-04
3.876766131725162268e-04
3.874091780744493008e-04
3.871419175993651152e-04
3.868748026434332132e-04
3.866079496219754219e-04
3.863411257043480873e-04
3.860744764097034931e-04
3.858079726342111826e-04
3.855416143778711557e-04
3.852754889521747828e-04
3.850094508379697800e-04
3.847435000352561474e-04
3.844778402708470821e-04
3.842123260255903006e-04
3.839470446109771729e-04
3.836818214040249586e-04
3.834168601315468550e-04
3.831521025858819485e-04
3.828876069746911526e-04
3.826232859864830971e-04
3.823591396212577820e-04
3.820951678790152073e-04
3.818314871750771999e-04
3.815679810941219330e-04
3.813047951553016901e-04
3.810417256318032742e-04
3.807788889389485121e-04
3.805163141805678606e-04
3.802538849413394928e-04
3.799917467404156923e-04
3.797297831624746323e-04
3.794681106228381395e-04
3.792066709138453007e-04
3.789455222431570292e-04
3.786846937146037817e-04
3.784240398090332747e-04
3.781636769417673349e-04
3.779035760089755058e-04
3.776437079068273306e-04
3.773840726353228092e-04
3.771247575059533119e-04
3.768656461033970118e-04
3.766067384276539087e-04
3.763481799978762865e-04
3.760899126064032316e-04
3.758319071494042873e-04
3.755741345230489969e-04
3.753167402464896441e-04
3.750595496967434883e-04
3.748027083929628134e-04
3.745463036466389894e-04
3.742901026271283627e-04
3.740342508535832167e-04
3.737787192221730947e-04
3.735234495252370834e-04
3.732685581780970097e-04
3.730139869730919600e-04
3.727596194949001074e-04
3.725056303665041924e-04
3.722519322764128447e-04
3.719985543284565210e-04
3.717454674188047647e-04
3.714927297551184893e-04
3.712402540259063244e-04
3.709881566464900970e-04
3.707363503053784370e-04
3.704848932102322578e-04
3.702336398418992758e-04
3.699827939271926880e-04
3.697322681546211243e-04
3.694820334203541279e-04
3.692322061397135258e-04
3.689827572088688612e-04
3.687336866278201342e-04
3.684849652927368879e-04
3.682365640997886658e-04
3.679884830489754677e-04
3.677407512441277504e-04
3.674934851005673409e-04
3.672464808914810419e-04
3.669997968245297670e-04
3.667534037958830595e-04
3.665073891170322895e-04
3.662617527879774570e-04
3.660164074972271919e-04
3.657714114524424076e-04
3.655267355497926474e-04
3.652823506854474545e-04
3.650384023785591125e-04
3.647948033176362514e-04
3.645514661911875010e-04
3.643084201030433178e-04
3.640656941570341587e-04
3.638232301454991102e-04
3.635811735875904560e-04
3.633395244833081961e-04
3.630981373135000467e-04
3.628571575973182917e-04
3.626164689194411039e-04
3.623761294875293970e-04
3.621361393015831709e-04
3.618965856730937958e-04
3.616572939790785313e-04
3.614182642195373774e-04
3.611795546021312475e-04
3.609412524383515120e-04
3.607032413128763437e-04
3.604656376410275698e-04
3.602282667998224497e-04
3.599911578930914402e-04
3.597544855438172817e-04
3.595180751290172338e-04
3.592819557525217533e-04
3.590461274143308401e-04
3.588106483221054077e-04
3.585754893720149994e-04
3.583406505640596151e-04
3.581060445867478848e-04
3.578717296477407217e-04
3.576377639546990395e-04
3.574041184037923813e-04
3.571707638911902905e-04
3.569377004168927670e-04
3.567048697732388973e-04
3.564723010640591383e-04
3.562400816008448601e-04
3.560081531759351492e-04
3.557765448931604624e-04
3.555451985448598862e-04
3.553142014425247908e-04
3.550834953784942627e-04
3.548530512489378452e-04
3.546229272615164518e-04
3.543931234162300825e-04
3.541635524015873671e-04
3.539343015290796757e-04
3.537052543833851814e-04
3.534764691721647978e-04
3.532480332069098949e-04
3.530198882799595594e-04
3.527920634951442480e-04
3.525644715409725904e-04
3.523371415212750435e-04
3.521100443322211504e-04
3.518831508699804544e-04
3.516564902383834124e-04
3.514300915412604809e-04
3.512039256747812033e-04
3.509779053274542093e-04
3.507520887069404125e-04
3.505265631247311831e-04
3.503013285808265209e-04
3.500763850752264261e-04
3.498517035041004419e-04
3.496271965559571981e-04
3.494029515422880650e-04
3.491788229439407587e-04
3.489550726953893900e-04
3.487314970698207617e-04
3.485082124825567007e-04
3.482852189335972071e-04
3.480624000076204538e-04
3.478397848084568977e-04
3.476172569207847118e-04
3.473950200714170933e-04
3.471728996373713017e-04
3.469511284492909908e-04
3.467295318841934204e-04
3.465080226305872202e-04
3.462866879999637604e-04
3.460655570961534977e-04
3.458446881268173456e-04
3.456239937804639339e-04
3.454035322647541761e-04
3.451832744758576155e-04
3.449631913099437952e-04
3.447432827670127153e-04
3.445234906394034624e-04
3.443039022386074066e-04
3.440846048761159182e-04
3.438654530327767134e-04
3.436464758124202490e-04
3.434276441112160683e-04
3.432088997215032578e-04
3.429903008509427309e-04
3.427718474995344877e-04
3.425535396672785282e-04
3.423355519771575928e-04
3.421176224946975708e-04
3.418997512198984623e-04
3.416821709834039211e-04
3.414647071622312069e-04
3.412474470678716898e-04
3.410303615964949131e-04
3.408133925404399633e-04
3.405965690035372972e-04
3.403799200896173716e-04
3.401633875910192728e-04
3.399470297154039145e-04
3.397308173589408398e-04
3.395147796254605055e-04
3.392988874111324549e-04
3.390830534044653177e-04
3.388674813322722912e-04
3.386519674677401781e-04
3.384365700185298920e-04
3.382214053999632597e-04
3.380063863005489111e-04
3.377915709279477596e-04
3.375768137630075216e-04
3.373621730133891106e-04
3.371476195752620697e-04
3.369332116562873125e-04
3.367188619449734688e-04
3.365047159604728222e-04
3.362907445989549160e-04
3.360769187565892935e-04
3.358631511218845844e-04
3.356496163178235292e-04
3.354361688252538443e-04
3.352228377480059862e-04
3.350097103975713253e-04
3.347966703586280346e-04
3.345836885273456573e-04
3.343707649037241936e-04
3.341580159030854702e-04
3.339453833177685738e-04
3.337328671477735043e-04
3.335205838084220886e-04
3.333083586767315865e-04
3.330961917527019978e-04
3.328841412439942360e-04
3.326722653582692146e-04
3.324604767840355635e-04
3.322488046251237392e-04
3.320372779853641987e-04
3.318258386570960283e-04
3.316144575364887714e-04
3.314031637273728848e-04
3.311920154374092817e-04
3.309810708742588758e-04
3.307703009340912104e-04
3.305596765130758286e-04
3.303491394035518169e-04
3.301386605016887188e-04
3.299283271189779043e-04
3.297180519439280033e-04
3.295078931841999292e-04
3.292978799436241388e-04
3.290880413260310888e-04
3.288782318122684956e-04
3.286685096099972725e-04
3.284589038230478764e-04
3.282494726590812206e-04
3.280402161180973053e-04
3.278310468886047602e-04
3.276219067629426718e-04
3.274128539487719536e-04
3.272038593422621489e-04
3.269950102549046278e-04
3.267863357905298471e-04
3.265777777414768934e-04
3.263694816268980503e-04
3.261611273046582937e-04
3.259528602939099073e-04
3.257447388023138046e-04
3.255367337260395288e-04
3.253288450650870800e-04
3.251211019232869148e-04
3.249134460929781199e-04
3.247060230933129787e-04
3.244986583013087511e-04
3.242913808207958937e-04
3.240843652747571468e-04
3.238774079363793135e-04
3.236706252209842205e-04
3.234639007132500410e-04
3.232572635170072317e-04
3.230506845284253359e-04
3.228442219551652670e-04
3.226379631087183952e-04
3.224317915737628937e-04
3.222258237656205893e-04
3.220199432689696550e-04
3.218141791876405478e-04
3.216085606254637241e-04
3.214030002709478140e-04
3.211976145394146442e-04
3.209923452232033014e-04
3.207872505299746990e-04
3.205822431482374668e-04
3.203774103894829750e-04
3.201727231498807669e-04
3.199680941179394722e-04
3.197636688128113747e-04
3.195594181306660175e-04
3.193552838638424873e-04
3.191512660123407841e-04
3.189473063684999943e-04
3.187434922438114882e-04
3.185398818459361792e-04
3.183364460710436106e-04
3.181332140229642391e-04
3.179300401825457811e-04
3.177270700689405203e-04
3.175241872668266296e-04
3.173213626723736525e-04
3.171186835970729589e-04
3.169162082485854626e-04
3.167138784192502499e-04
3.165116941090673208e-04
3.163096262142062187e-04
3.161076747346669436e-04
3.159058687742799520e-04
3.157042665407061577e-04
3.155028098262846470e-04
3.153014986310154200e-04
3.151003620587289333e-04
3.148993127979338169e-04
3.146983508486300707e-04
3.144975635223090649e-04
3.142969217151403427e-04
3.140964254271239042e-04
3.138961619697511196e-04
3.136959858238697052e-04
3.134959260933101177e-04
3.132960118819028139e-04
3.130962140858173370e-04
3.128965909127146006e-04
3.126971423625946045e-04
3.124977229163050652e-04
3.122983907815068960e-04
3.120992623735219240e-04
3.119002794846892357e-04
3.117015003226697445e-04
3.115028957836329937e-04
3.113044658675789833e-04
3.111059486400336027e-04
3.109076933469623327e-04
3.107094962615519762e-04
3.105113864876329899e-04
3.103136259596794844e-04
3.101159527432173491e-04
3.099184250459074974e-04
3.097210719715803862e-04
3.095238353125751019e-04
3.093267150688916445e-04
3.091297985520213842e-04
3.089329693466424942e-04
3.087362274527549744e-04
3.085396892856806517e-04
3.083432384300976992e-04
3.081469621974974871e-04
3.079508605878800154e-04
3.077549044974148273e-04
3.075590357184410095e-04
3.073633997701108456e-04
3.071678220294415951e-04
3.069724189117550850e-04
3.067770448978990316e-04
3.065818164031952620e-04
3.063867043238133192e-04
3.061917959712445736e-04
3.059970622416585684e-04
3.058024158235639334e-04
3.056079731322824955e-04
3.054135886486619711e-04
3.052193496841937304e-04
3.050252853427082300e-04
3.048313956242054701e-04
3.046376223210245371e-04
3.044439363293349743e-04
3.042503667529672384e-04
3.040569135919213295e-04
3.038636641576886177e-04
3.036705893464386463e-04
3.034776309505105019e-04
3.032848471775650978e-04
3.030921798199415207e-04
3.028996579814702272e-04
3.027072525583207607e-04
3.025149344466626644e-04
3.023227327503263950e-04
3.021307638846337795e-04
3.019389405380934477e-04
3.017472918145358562e-04
3.015556721948087215e-04
3.013641398865729570e-04
3.011727822013199329e-04
3.009815991390496492e-04
3.007905615959316492e-04
3.005997277796268463e-04
3.004089230671525002e-04
3.002182347699999809e-04
3.000277210958302021e-04
2.998372947331517935e-04
2.996470720972865820e-04
2.994570240844041109e-04
2.992670924868434668e-04
2.990772773046046495e-04
2.988875785376876593e-04
2.986979379784315825e-04
2.985084429383277893e-04
2.983190352097153664e-04
2.981298603117465973e-04
2.979408891405910254e-04
2.977519761770963669e-04
2.975632087327539921e-04
2.973745285999029875e-04
2.971860230900347233e-04
2.969977213069796562e-04
2.968094486277550459e-04
2.966213214676827192e-04
2.964333107229322195e-04
2.962454454973340034e-04
2.960576675832271576e-04
2.958700642921030521e-04
2.956825483124703169e-04
2.954952069558203220e-04
2.953078947030007839e-04
2.951206988655030727e-04
2.949335612356662750e-04
2.947465400211513042e-04
2.945596643257886171e-04
2.943729632534086704e-04
2.941864368040114641e-04
2.939999103546142578e-04
2.938135294243693352e-04
2.936272358056157827e-04
2.934410294983536005e-04
2.932548813987523317e-04
2.930689079221338034e-04
2.928830508608371019e-04
2.926972520072013140e-04
2.925115986727178097e-04
2.923260617535561323e-04
2.921406121458858252e-04
2.919552498497068882e-04
2.917700621765106916e-04
2.915849909186363220e-04
2.913999778684228659e-04
2.912150521297007799e-04
2.910302719101309776e-04
2.908455207943916321e-04
2.906609734054654837e-04
2.904765715356916189e-04
2.902923151850700378e-04
2.901080879382789135e-04
2.899239771068096161e-04
2.897398953791707754e-04
2.895559591706842184e-04
2.893721684813499451e-04
2.891884359996765852e-04
2.890049363486468792e-04
2.888214949052780867e-04
2.886381698772311211e-04
2.884548739530146122e-04
2.882716653402894735e-04
2.880886022467166185e-04
2.879056264646351337e-04
2.877227962017059326e-04
2.875400241464376450e-04
2.873573976103216410e-04
2.871748874895274639e-04
2.869925810955464840e-04
2.868103329092264175e-04
2.866281720343977213e-04
2.864461857825517654e-04
2.862642286345362663e-04
2.860823587980121374e-04
2.859005180653184652e-04
2.857187937479466200e-04
2.855372731573879719e-04
2.853558980859816074e-04
2.851746103260666132e-04
2.849934680853039026e-04
2.848123549483716488e-04
2.846313291229307652e-04
2.844503906089812517e-04
2.842695976141840219e-04
2.840889792423695326e-04
2.839083899743855000e-04
2.837278880178928375e-04
2.835475315805524588e-04
2.833673206623643637e-04
2.831871388480067253e-04
2.830070443451404572e-04
2.828270371537655592e-04
2.826471463777124882e-04
2.824673138093203306e-04
2.822875394485890865e-04
2.821078523993492126e-04
2.819282817654311657e-04
2.817489148583263159e-04
2.815696934703737497e-04
2.813904429785907269e-04
2.812113089021295309e-04
2.810323203448206186e-04
2.808533899951726198e-04
2.806746633723378181e-04
2.804960531648248434e-04
2.803175593726336956e-04
2.801390946842730045e-04
2.799607173074036837e-04
2.797824854496866465e-04
2.796043409034609795e-04
2.794262836687266827e-04
2.792483428493142128e-04
2.790705766528844833e-04
2.788928977679461241e-04
2.787152479868382215e-04
2.785377437248826027e-04
2.783602685667574406e-04
2.781829680316150188e-04
2.780057839117944241e-04
2.778286288958042860e-04
2.776515611913055182e-04
2.774745225906372070e-04
2.772975713014602661e-04
2.771207655314356089e-04
2.769440761767327785e-04
2.767675323411822319e-04
2.765910758171230555e-04
2.764146775007247925e-04
2.762383664958178997e-04
2.760620845947414637e-04
2.758859773166477680e-04
2.757099573500454426e-04
2.755340829025954008e-04
2.753584121819585562e-04
2.751827414613217115e-04
2.750072162598371506e-04
2.748317492660135031e-04
2.746563986875116825e-04
2.744811645243316889e-04
2.743060467764735222e-04
2.741310745477676392e-04
2.739561314228922129e-04
2.737813338171690702e-04
2.736066526267677546e-04
2.734320296440273523e-04
2.732574648689478636e-04
2.730830747168511152e-04
2.729087136685848236e-04
2.727344690356403589e-04
2.725602535065263510e-04
2.723862417042255402e-04
2.722123754210770130e-04
2.720385964494198561e-04
2.718649629969149828e-04
2.716914459597319365e-04
2.715179289225488901e-04
2.713444700930267572e-04
2.711711276788264513e-04
2.709980180952697992e-04
2.708249085117131472e-04
2.706519735511392355e-04
2.704790967982262373e-04
2.703063073568046093e-04
2.701336925383657217e-04
2.699611359275877476e-04
2.697886375244706869e-04
2.696161973290145397e-04
2.694439317565411329e-04
2.692718408070504665e-04
2.690998080652207136e-04
2.689278626348823309e-04
2.687560336198657751e-04
2.685843792278319597e-04
2.684126957319676876e-04
2.682411868590861559e-04
2.680697652976959944e-04
2.678985183592885733e-04
2.677273587323725224e-04
2.675563155207782984e-04
2.673853596206754446e-04
2.672145783435553312e-04
2.670438843779265881e-04
2.668733068276196718e-04
2.667028165888041258e-04
2.665323845576494932e-04
2.663620980456471443e-04
2.661919861566275358e-04
2.660219906829297543e-04
2.658521407283842564e-04
2.656823780853301287e-04
2.655126736499369144e-04
2.653430565260350704e-04
2.651735267136245966e-04
2.650041133165359497e-04
2.648348163347691298e-04
2.646656939759850502e-04
2.644966880325227976e-04
2.643277402967214584e-04
2.641589380800724030e-04
2.639901940710842609e-04
2.638215955812484026e-04
2.636530552990734577e-04
2.634846314322203398e-04
2.633163530845195055e-04
2.631481620483100414e-04
2.629801165312528610e-04
2.628121874295175076e-04
2.626444038469344378e-04
2.624766784720122814e-04
2.623090695124119520e-04
2.621415478643029928e-04
2.619740553200244904e-04
2.618066791910678148e-04
2.616395067889243364e-04
2.614723925944417715e-04
2.613054821267724037e-04
2.611386589705944061e-04
2.609719522297382355e-04
2.608053036965429783e-04
2.606387424748390913e-04
2.604722103569656610e-04
2.603059692773967981e-04
2.601398155093193054e-04
2.599737490527331829e-04
2.598079445306211710e-04
2.596422273200005293e-04
2.594765683170408010e-04
2.593109966255724430e-04
2.591455995570868254e-04
2.589802898000925779e-04
2.588151255622506142e-04
2.586501650512218475e-04
2.584852627478539944e-04
2.583204186521470547e-04
2.581557491794228554e-04
2.579911670181900263e-04
2.578267885837703943e-04
2.576625556685030460e-04
2.574983518570661545e-04
2.573342062532901764e-04
2.571702352724969387e-04
2.570063224993646145e-04
2.568425843492150307e-04
2.566789335105568171e-04
2.565153990872204304e-04
2.563520101830363274e-04
2.561887376941740513e-04
2.560254652053117752e-04
2.558622509241104126e-04
2.556991821620613337e-04
2.555363171268254519e-04
2.553735102992504835e-04
2.552109654061496258e-04
2.550484496168792248e-04
2.548859920352697372e-04
2.547236799728125334e-04
2.545614552218466997e-04
2.543993468862026930e-04
2.542374131735414267e-04
2.540756249800324440e-04
2.539138367865234613e-04
2.537521650083363056e-04
2.535906387493014336e-04
2.534291706979274750e-04
2.532677899580448866e-04
2.531065256334841251e-04
2.529453486204147339e-04
2.527842880226671696e-04
2.526233729440718889e-04
2.524625160731375217e-04
2.523016883060336113e-04
2.521410351619124413e-04
2.519804402254521847e-04
2.518200199119746685e-04
2.516596578061580658e-04
2.514993539080023766e-04
2.513392246328294277e-04
2.511791826691478491e-04
2.510191698092967272e-04
2.508593606762588024e-04
2.506996970623731613e-04
2.505401207599788904e-04
2.503805444575846195e-04
2.502210845705121756e-04
2.500616828911006451e-04
2.499023103155195713e-04
2.497431123629212379e-04
2.495840890333056450e-04
2.494252112228423357e-04
2.492663625162094831e-04
2.491076593287289143e-04
2.489490434527397156e-04
2.487904857844114304e-04
2.486319863237440586e-04
2.484736905898898840e-04
2.483154821675270796e-04
2.481573028489947319e-04
2.479992399457842112e-04
2.478413225617259741e-04
2.476834342814981937e-04
2.475256042089313269e-04
2.473679196555167437e-04
2.472102933097630739e-04
2.470528706908226013e-04
2.468954771757125854e-04
2.467381709720939398e-04
2.465809811837971210e-04
2.464239078108221292e-04
2.462669508531689644e-04
2.461100812070071697e-04
2.459533861838281155e-04
2.457966911606490612e-04
2.456400543451309204e-04
2.454835921525955200e-04
2.453271881677210331e-04
2.451708423905074596e-04
2.450147294439375401e-04
2.448587329126894474e-04
2.447027654852718115e-04
2.445468562655150890e-04
2.443911216687411070e-04
2.442354161757975817e-04
2.440798416500911117e-04
2.439243980916216969e-04
2.437691728118807077e-04
2.436141076032072306e-04
2.434590714983642101e-04
2.433041372569277883e-04
2.431493194308131933e-04
2.429945307085290551e-04
2.428399311611428857e-04
2.426853752695024014e-04
2.425310085527598858e-04
2.423767000436782837e-04
2.422224642941728234e-04
2.420683158561587334e-04
2.419143129372969270e-04
2.417603973299264908e-04
2.416065690340474248e-04
2.414528571534901857e-04
2.412992471363395452e-04
2.411457244306802750e-04
2.409923035884276032e-04
2.408389264019206166e-04
2.406857529422268271e-04
2.405326376901939511e-04
2.403796388534829021e-04
2.402267564320936799e-04
2.400739467702805996e-04
2.399212098680436611e-04
2.397685602772980928e-04
2.396160562057048082e-04
2.394636248936876655e-04
2.393113973084837198e-04
2.391592715866863728e-04
2.390071749687194824e-04
2.388552093179896474e-04
2.387032582191750407e-04
2.385514235356822610e-04
2.383997198194265366e-04
2.382481470704078674e-04
2.380966907367110252e-04
2.379453653702512383e-04
2.377941418671980500e-04
2.376429620198905468e-04
2.374918549321591854e-04
2.373408497078344226e-04
2.371900045545771718e-04
2.370393049204722047e-04
2.368887071497738361e-04
2.367381675867363811e-04
2.365877444390207529e-04
2.364374231547117233e-04
2.362871164223179221e-04
2.361369115533307195e-04
2.359868958592414856e-04
2.358369238208979368e-04
2.356870827497914433e-04
2.355371980229392648e-04
2.353874879190698266e-04
2.352378069190308452e-04
2.350882568862289190e-04
2.349388232687488198e-04
2.347895497223362327e-04
2.346403634874150157e-04
2.344912063563242555e-04
2.343420783290639520e-04
2.341930958209559321e-04
2.340441860724240541e-04
2.338954072911292315e-04
2.337467303732410073e-04
2.335982717340812087e-04
2.334497839910909534e-04
2.333012962481006980e-04
2.331529249204322696e-04
2.330046263523399830e-04
2.328564878553152084e-04
2.327084075659513474e-04
2.325604436919093132e-04
2.324126980965957046e-04
2.322649961570277810e-04
2.321173233212903142e-04
2.319696650374680758e-04
2.318220940651372075e-04
2.316746395081281662e-04
2.315273450221866369e-04
2.313801523996517062e-04
2.312331635039299726e-04
2.310862764716148376e-04
2.309394039912149310e-04
2.307926188223063946e-04
2.306459064129740000e-04
2.304992813151329756e-04
2.303528017364442348e-04
2.302064385730773211e-04
2.300601772731170058e-04
2.299140032846480608e-04
2.297679311595857143e-04
2.296218153787776828e-04
2.294759033247828484e-04
2.293301513418555260e-04
2.291844575665891171e-04
2.290389238623902202e-04
2.288934483658522367e-04
2.287481329403817654e-04
2.286028466187417507e-04
2.284577058162540197e-04
2.283126377733424306e-04
2.281677298014983535e-04
2.280228509334847331e-04
2.278780884807929397e-04
2.277333551319316030e-04
2.275887381983920932e-04
2.274442085763439536e-04
2.272997226100414991e-04
2.271554258186370134e-04
2.270112308906391263e-04
2.268671523779630661e-04
2.267231175210326910e-04
2.265791117679327726e-04
2.264352224301546812e-04
2.262914058519527316e-04
2.261477493448182940e-04
2.260041510453447700e-04
2.258606982650235295e-04
2.257174201076850295e-04
2.255740837426856160e-04
2.254307910334318876e-04
2.252876292914152145e-04
2.251445839647203684e-04
2.250016841571778059e-04
2.248588134534657001e-04
2.247161319246515632e-04
2.245734649477526546e-04
2.244308852823451161e-04
2.242884220322594047e-04
2.241459878860041499e-04
2.240035973954945803e-04
2.238613378722220659e-04
2.237192238681018353e-04
2.235772408312186599e-04
2.234353451058268547e-04
2.232935221400111914e-04
2.231517137261107564e-04
2.230099926237016916e-04
2.228684170404449105e-04
2.227268269052729011e-04
2.225854550488293171e-04
2.224442141596227884e-04
2.223030460299924016e-04
2.221619215561076999e-04
2.220209280494600534e-04
2.218800364062190056e-04
2.217392175225540996e-04
2.215984713984653354e-04
2.214578998973593116e-04
2.213174739154055715e-04
2.211771352449432015e-04
2.210368693340569735e-04
2.208966179750859737e-04
2.207564539276063442e-04
2.206164499511942267e-04
2.204765332862734795e-04
2.203366893809288740e-04
2.201969618909060955e-04
2.200572198489680886e-04
2.199175651185214520e-04
2.197780413553118706e-04
2.196386194555088878e-04
2.194993139710277319e-04
2.193600812461227179e-04
2.192209940403699875e-04
2.190819504903629422e-04
2.189429651480168104e-04
2.188040962209925056e-04
2.186653146054595709e-04
2.185266785090789199e-04
2.183881006203591824e-04
2.182496245950460434e-04
2.181113522965461016e-04
2.179730654461309314e-04
2.178348513552919030e-04
2.176967536797747016e-04
2.175586996600031853e-04
2.174207911593839526e-04
2.172829408664256334e-04
2.171452360926195979e-04
2.170076477341353893e-04
2.168701321352273226e-04
2.167326601920649409e-04
2.165952901123091578e-04
2.164579927921295166e-04
2.163207973353564739e-04
2.161837328458204865e-04
2.160467847716063261e-04
2.159100113203749061e-04
2.157733106287196279e-04
2.156365808332338929e-04
2.154999965569004416e-04
2.153634995920583606e-04
2.152270899387076497e-04
2.150908112525939941e-04
2.149546489818021655e-04
2.148185594705864787e-04
2.146825572708621621e-04
2.145466569345444441e-04
2.144108293578028679e-04
2.142751036444678903e-04
2.141395234502851963e-04
2.140039869118481874e-04
2.138685085810720921e-04
2.137331175617873669e-04
2.135978575097396970e-04
2.134626847691833973e-04
2.133275847882032394e-04
2.131925430148839951e-04
2.130576904164627194e-04
2.129228960257023573e-04
2.127882034983485937e-04
2.126536273863166571e-04
2.125190949300304055e-04
2.123846934409812093e-04
2.122503065038472414e-04
2.121160941896960139e-04
2.119819400832056999e-04
2.118478732882067561e-04
2.117139083566144109e-04
2.115800889441743493e-04
2.114463568432256579e-04
2.113125956384465098e-04
2.111790527123957872e-04
2.110454806825146079e-04
2.109120687237009406e-04
2.107787440763786435e-04
2.106455503962934017e-04
2.105124585796147585e-04
2.103793813148513436e-04
2.102464350173249841e-04
2.101134887197986245e-04
2.099806588375940919e-04
2.098479017149657011e-04
2.097152464557439089e-04
2.095826639560982585e-04
2.094502269756048918e-04
2.093179064104333520e-04
2.091856440529227257e-04
2.090534835588186979e-04
2.089213230647146702e-04
2.087892498821020126e-04
2.086572640109807253e-04
2.085254527628421783e-04
2.083936997223645449e-04
2.082620485452935100e-04
2.081304119201377034e-04
2.079988189507275820e-04
2.078673569485545158e-04
2.077359677059575915e-04
2.076046803267672658e-04
2.074735384667292237e-04
2.073424111586064100e-04
2.072113711619749665e-04
2.070804330287501216e-04
2.069495239993557334e-04
2.068186731776222587e-04
2.066879533231258392e-04
2.065572771243751049e-04
2.064267464447766542e-04
2.062962594209238887e-04
2.061658451566472650e-04
2.060355182038620114e-04
2.059052494587376714e-04
2.057750534731894732e-04
2.056449593510478735e-04
2.055148943327367306e-04
2.053849748335778713e-04
2.052551863016560674e-04
2.051253686659038067e-04
2.049956383416429162e-04
2.048659662250429392e-04
2.047363959718495607e-04
2.046069130301475525e-04
2.044775319518521428e-04
2.043482236331328750e-04
2.042189880739897490e-04
2.040898398263379931e-04
2.039607206825166941e-04
2.038317179540172219e-04
2.037027443293482065e-04
2.035738434642553329e-04
2.034451463259756565e-04
2.033165219472721219e-04
2.031880430877208710e-04
2.030595496762543917e-04
2.029310562647879124e-04
2.028026356128975749e-04
2.026743022724986076e-04
2.025459980359300971e-04
2.024177811108529568e-04
2.022897242568433285e-04
2.021618129219859838e-04
2.020340325543656945e-04
2.019062958424910903e-04
2.017785882344469428e-04
2.016509679378941655e-04
2.015233767451718450e-04
2.013959310716018081e-04
2.012685436056926847e-04
2.011412871070206165e-04
2.010142052313312888e-04
2.008870942518115044e-04
2.007600123761221766e-04
2.006329887080937624e-04
2.005059941438958049e-04
2.003790723392739892e-04
2.002523397095501423e-04
2.001256507355719805e-04
1.999991654884070158e-04
1.998727093450725079e-04
1.997462968574836850e-04
1.996199716813862324e-04
1.994936610572040081e-04
1.993674668483436108e-04
1.992413599509745836e-04
1.991153403650969267e-04
1.989894662983715534e-04
1.988636649912223220e-04
1.987379800993949175e-04
1.986123388633131981e-04
1.984867849387228489e-04
1.983612019103020430e-04
1.982357352972030640e-04
1.981103705475106835e-04
1.979850931093096733e-04
1.978600048460066319e-04
1.977349020307883620e-04
1.976099592866376042e-04
1.974850165424868464e-04
1.973602193174883723e-04
1.972354511963203549e-04
1.971107994904741645e-04
1.969862641999498010e-04
1.968618016690015793e-04
1.967374118976294994e-04
1.966130803339183331e-04
1.964887487702071667e-04
1.963645481737330556e-04
1.962404785444959998e-04
1.961164525710046291e-04
1.959925284609198570e-04
1.958686480065807700e-04
1.957448694156482816e-04
1.956211344804614782e-04
1.954975741682574153e-04
1.953739847522228956e-04
1.952505117515102029e-04
1.951271406142041087e-04
1.950039295479655266e-04
1.948808057932183146e-04
1.947577839018777013e-04
1.946348347701132298e-04
1.945119001902639866e-04
1.943890383699908853e-04
1.942662784131243825e-04
1.941435766639187932e-04
1.940209913300350308e-04
1.938985224114730954e-04
1.937761844601482153e-04
1.936538901645690203e-04
1.935316977323964238e-04
1.934095489559695125e-04
1.932874438352882862e-04
1.931654260260984302e-04
1.930435391841456294e-04
1.929217105498537421e-04
1.927999983308836818e-04
1.926783443195745349e-04
1.925567485159263015e-04
1.924351381603628397e-04
1.923136442201212049e-04
1.921921357279643416e-04
1.920707436511293054e-04
1.919494534377008677e-04
1.918282359838485718e-04
1.917071640491485596e-04
1.915861794259399176e-04
1.914652093546465039e-04
1.913443120429292321e-04
1.912234292831271887e-04
1.911025756271556020e-04
1.909818529384210706e-04
1.908611884573474526e-04
1.907405821839347482e-04
1.906201214296743274e-04
1.904997188830748200e-04
1.903793599922209978e-04
1.902590302051976323e-04
1.901387004181742668e-04
1.900184870464727283e-04
1.898983755381777883e-04
1.897784241009503603e-04
1.896586472867056727e-04
1.895390014396980405e-04
1.894193701446056366e-04
1.892998843686655164e-04
1.891804131446406245e-04
1.890610437840223312e-04
1.889418053906410933e-04
1.888225961010903120e-04
1.887035177787765861e-04
1.885845849756151438e-04
1.884657103801146150e-04
1.883469521999359131e-04
1.882282376755028963e-04
1.881096541183069348e-04
1.879910705611109734e-04
1.878726761788129807e-04
1.877542672445997596e-04
1.876360474852845073e-04
1.875179586932063103e-04
1.873998844530433416e-04
1.872818538686260581e-04
1.871638378361240029e-04
1.870459964266046882e-04
1.869280531536787748e-04
1.868102699518203735e-04
1.866925158537924290e-04
1.865748345153406262e-04
1.864572404883801937e-04
1.863396901171654463e-04
1.862222125055268407e-04
1.861048076534643769e-04
1.859873882494866848e-04
1.858701143646612763e-04
1.857528986874967813e-04
1.856357412179931998e-04
1.855187147157266736e-04
1.854016591096296906e-04
1.852846617111936212e-04
1.851677807280793786e-04
1.850508997449651361e-04
1.849341788329184055e-04
1.848174433689564466e-04
1.847008534241467714e-04
1.845842925831675529e-04
1.844678772613406181e-04
1.843514764914289117e-04
1.842351048253476620e-04
1.841188204707577825e-04
1.840025943238288164e-04
1.838864409364759922e-04
1.837703894125297666e-04
1.836544397519901395e-04
1.835386356106027961e-04
1.834228751249611378e-04
1.833072456065565348e-04
1.831915869843214750e-04
1.830760011216625571e-04
1.829604880185797811e-04
1.828451058827340603e-04
1.827298401622101665e-04
1.826146908570080996e-04
1.824996579671278596e-04
1.823847705963999033e-04
1.822699123295024037e-04
1.821550686145201325e-04
1.820403267629444599e-04
1.819255849113687873e-04
1.818109885789453983e-04
1.816964795580133796e-04
1.815820432966575027e-04
1.814677088987082243e-04
1.813534181565046310e-04
1.812391274143010378e-04
1.811249094316735864e-04
1.810106914490461349e-04
1.808965607779100537e-04
1.807824446586892009e-04
1.806684595067054033e-04
1.805545471142977476e-04
1.804408384487032890e-04
1.803271588869392872e-04
1.802135229809209704e-04
1.800999598344787955e-04
1.799864839995279908e-04
1.798730372684076428e-04
1.797596632968634367e-04
1.796464202925562859e-04
1.795332791516557336e-04
1.794202544260770082e-04
1.793073024600744247e-04
1.791943504940718412e-04
1.790814276318997145e-04
1.789686066331341863e-04
1.788557710824534297e-04
1.787429791875183582e-04
1.786302746040746570e-04
1.785177009878680110e-04
1.784051855793222785e-04
1.782928011380136013e-04
1.781804603524506092e-04
1.780682068783789873e-04
1.779559534043073654e-04
1.778438308974727988e-04
1.777317665982991457e-04
1.776198187144473195e-04
1.775080600054934621e-04
1.773963304003700614e-04
1.772847026586532593e-04
1.771730021573603153e-04
1.770613744156435132e-04
1.769498194335028529e-04
1.768383372109383345e-04
1.767269422998651862e-04
1.766156055964529514e-04
1.765043271007016301e-04
1.763932377798482776e-04
1.762821921147406101e-04
1.761712046572938561e-04
1.760602317517623305e-04
1.759494043653830886e-04
1.758386933943256736e-04
1.757280551828444004e-04
1.756173733156174421e-04
1.755067642079666257e-04
1.753963151713833213e-04
1.752858515828847885e-04
1.751754753058776259e-04
1.750651717884466052e-04
1.749549410305917263e-04
1.748447393765673041e-04
1.747346686897799373e-04
1.746246416587382555e-04
1.745147892506793141e-04
1.744049804983660579e-04
1.742951135383918881e-04
1.741853484418243170e-04
1.740756415529176593e-04
1.739660219755023718e-04
1.738564315019175410e-04
1.737469137879088521e-04
1.736374833853915334e-04
1.735282276058569551e-04
1.734190445858985186e-04
1.733098906697705388e-04
1.732007804093882442e-04
1.730917283566668630e-04
1.729827345116063952e-04
1.728737988742068410e-04
1.727649505482986569e-04
1.726562186377122998e-04
1.725475594867020845e-04
1.724389730952680111e-04
1.723304303595796227e-04
1.722219312796369195e-04
1.721134176477789879e-04
1.720050349831581116e-04
1.718967396300286055e-04
1.717885606922209263e-04
1.716803963063284755e-04
1.715723628876730800e-04
1.714643440209329128e-04
1.713564997771754861e-04
1.712486846372485161e-04
1.711408403934910893e-04
1.710330834612250328e-04
1.709253992885351181e-04
1.708178024273365736e-04
1.707103801891207695e-04
1.706029870547354221e-04
1.704957248875871301e-04
1.703885500319302082e-04
1.702813460724428296e-04
1.701742439763620496e-04
1.700671418802812696e-04
1.699601125437766314e-04
1.698531123111024499e-04
1.697463012533262372e-04
1.696395338512957096e-04
1.695328974165022373e-04
1.694263628451153636e-04
1.693198282737284899e-04
1.692133228061720729e-04
1.691067882347851992e-04
1.690003264229744673e-04
1.688939664745703340e-04
1.687877229414880276e-04
1.686815521679818630e-04
1.685754104983061552e-04
1.684694288996979594e-04
1.683634473010897636e-04
1.682574948063120246e-04
1.681515859672799706e-04
1.680456771282479167e-04
1.679398410487920046e-04
1.678341941442340612e-04
1.677286199992522597e-04
1.676231913734227419e-04
1.675178064033389091e-04
1.674125087447464466e-04
1.673072547418996692e-04
1.672020152909681201e-04
1.670968194957822561e-04
1.669917255640029907e-04
1.668867480475455523e-04
1.667817705310881138e-04
1.666768948780372739e-04
1.665720628807321191e-04
1.664674055064097047e-04
1.663627481320872903e-04
1.662581053096801043e-04
1.661535643506795168e-04
1.660490379435941577e-04
1.659445988480001688e-04
1.658402761677280068e-04
1.657359389355406165e-04
1.656317617744207382e-04
1.655276428209617734e-04
1.654236693866550922e-04
1.653197396080940962e-04
1.652158971410244703e-04
1.651120837777853012e-04
1.650082849664613605e-04
1.649046462262049317e-04
1.648009783821180463e-04
1.646974124014377594e-04
1.645939628360792994e-04
1.644906005822122097e-04
1.643872965360060334e-04
1.642840652493759990e-04
1.641808776184916496e-04
1.640778355067595840e-04
1.639747788431122899e-04
1.638717512832954526e-04
1.637687819311395288e-04
1.636659289943054318e-04
1.635632943361997604e-04
1.634607469895854592e-04
1.633581850910559297e-04
1.632557250559329987e-04
1.631532941246405244e-04
1.630509359529241920e-04
1.629485923331230879e-04
1.628463360248133540e-04
1.627442252356559038e-04
1.626421144464984536e-04
1.625401491764932871e-04
1.624382275622338057e-04
1.623363350518047810e-04
1.622345298528671265e-04
1.621328265173360705e-04
1.620311377337202430e-04
1.619294926058501005e-04
1.618279493413865566e-04
1.617264351807534695e-04
1.616250665392726660e-04
1.615237561054527760e-04
1.614225475350394845e-04
1.613214262761175632e-04
1.612202759133651853e-04
1.611192419659346342e-04
1.610182516742497683e-04
1.609173341421410441e-04
1.608164893696084619e-04
1.607157319085672498e-04
1.606150617590174079e-04
1.605143770575523376e-04
1.604137505637481809e-04
1.603131677256897092e-04
1.602125848876312375e-04
1.601121039129793644e-04
1.600116811459884048e-04
1.599112874828279018e-04
1.598109665792435408e-04
1.597107475390657783e-04
1.596106594661250710e-04
1.595105568412691355e-04
1.594104978721588850e-04
1.593105407664552331e-04
1.592106273164972663e-04
1.591108011780306697e-04
1.590110186953097582e-04
1.589112507645040751e-04
1.588116138009354472e-04
1.587120932526886463e-04
1.586124999448657036e-04
1.585129793966189027e-04
1.584135025041177869e-04
1.583140838192775846e-04
1.582146796863526106e-04
1.581153628649190068e-04
1.580161915626376867e-04
1.579170639161020517e-04
1.578180090291425586e-04
1.577190996613353491e-04
1.576201466377824545e-04
1.575211354065686464e-04
1.574221969349309802e-04
1.573234039824455976e-04
1.572245673742145300e-04
1.571258180774748325e-04
1.570271997479721904e-04
1.569286105223000050e-04
1.568301377119496465e-04
1.567317522130906582e-04
1.566334103699773550e-04
1.565350539749488235e-04
1.564367121318355203e-04
1.563384284963831306e-04
1.562402321724221110e-04
1.561421086080372334e-04
1.560441160108894110e-04
1.559461670694872737e-04
1.558483199914917350e-04
1.557505893288180232e-04
1.556528586661443114e-04
1.555551425553858280e-04
1.554574992042034864e-04
1.553599140606820583e-04
1.552623725729063153e-04
1.551649475004523993e-04
1.550675660837441683e-04
1.549703010823577642e-04
1.548731816001236439e-04
1.547760621178895235e-04
1.546790008433163166e-04
1.545819541206583381e-04
1.544849801575765014e-04
1.543879916425794363e-04
1.542910758871585131e-04
1.541942910989746451e-04
1.540975354146212339e-04
1.540009398013353348e-04
1.539044023957103491e-04
1.538078795420005918e-04
1.537114294478669763e-04
1.536149939056485891e-04
1.535186456749215722e-04
1.534222683403640985e-04
1.533260074211284518e-04
1.532297756057232618e-04
1.531336602056398988e-04
1.530376175651326776e-04
1.529417349956929684e-04
1.528459542896598577e-04
1.527502608951181173e-04
1.526545092929154634e-04
1.525588158983737230e-04
1.524631370557472110e-04
1.523675018688663840e-04
1.522719976492226124e-04
1.521764934295788407e-04
1.520811492810025811e-04
1.519859215477481484e-04
1.518908393336459994e-04
1.517957571195438504e-04
1.517007040092721581e-04
1.516056654509156942e-04
1.515106123406440020e-04
1.514157047495245934e-04
1.513208553660660982e-04
1.512261223979294300e-04
1.511314912931993604e-04
1.510368747403845191e-04
1.509424037067219615e-04
1.508479472249746323e-04
1.507535198470577598e-04
1.506591797806322575e-04
1.505648542661219835e-04
1.504705578554421663e-04
1.503762905485928059e-04
1.502820668974891305e-04
1.501879305578768253e-04
1.500938669778406620e-04
1.499999634688720107e-04
1.499060745118185878e-04
1.498122437624260783e-04
1.497184566687792540e-04
1.496246259193867445e-04
1.495309115853160620e-04
1.494371826993301511e-04
1.493435556767508388e-04
1.492500450694933534e-04
1.491566217737272382e-04
1.490632712375372648e-04
1.489699643570929766e-04
1.488766720285639167e-04
1.487835252191871405e-04
1.486903202021494508e-04
1.485971442889422178e-04
1.485040265833958983e-04
1.484109961893409491e-04
1.483180240029469132e-04
1.482251827837899327e-04
1.481324143242090940e-04
1.480397040722891688e-04
1.479470520280301571e-04
1.478543999837711453e-04
1.477618061471730471e-04
1.476691977586597204e-04
1.475766475778073072e-04
1.474842138122767210e-04
1.473917654948309064e-04
1.472994044888764620e-04
1.472071890020743012e-04
1.471149298595264554e-04
1.470228016842156649e-04
1.469306735089048743e-04
1.468385744374245405e-04
1.467464899178594351e-04
1.466545654693618417e-04
1.465626701246947050e-04
1.464707747800275683e-04
1.463790540583431721e-04
1.462873769924044609e-04
1.461958599975332618e-04
1.461042556911706924e-04
1.460127241443842649e-04
1.459212508052587509e-04
1.458298502257093787e-04
1.457385369576513767e-04
1.456472382415086031e-04
1.455559540772810578e-04
1.454647135687991977e-04
1.453736476833000779e-04
1.452825526939705014e-04
1.451915450161322951e-04
1.451006100978702307e-04
1.450096897315233946e-04
1.449188421247527003e-04
1.448280090698972344e-04
1.447372924303635955e-04
1.446465903427451849e-04
1.445559028070420027e-04
1.444653898943215609e-04
1.443749060854315758e-04
1.442845241399481893e-04
1.441941567463800311e-04
1.441038766643032432e-04
1.440135674783959985e-04
1.439233747078105807e-04
1.438331964891403913e-04
1.437430473743006587e-04
1.436530583305284381e-04
1.435630547348409891e-04
1.434731384506449103e-04
1.433833676856011152e-04
1.432935532648116350e-04
1.432037242921069264e-04
1.431140262866392732e-04
1.430244301445782185e-04
1.429348340025171638e-04
1.428452378604561090e-04
1.427556853741407394e-04
1.426662056474015117e-04
1.425768277840688825e-04
1.424875226803123951e-04
1.423982612323015928e-04
1.423090579919517040e-04
1.422199275111779571e-04
1.421308261342346668e-04
1.420417247572913766e-04
1.419527397956699133e-04
1.418637984897941351e-04
1.417749881511554122e-04
1.416861487086862326e-04
1.415974547853693366e-04
1.415088045177981257e-04
1.414201542502269149e-04
1.413315039826557040e-04
1.412429264746606350e-04
1.411544071743264794e-04
1.410659315297380090e-04
1.409775577485561371e-04
1.408892858307808638e-04
1.408010575687512755e-04
1.407129166182130575e-04
1.406247465638443828e-04
1.405366929247975349e-04
1.404486974934116006e-04
1.403607020620256662e-04
1.402728084940463305e-04
1.401849294779822230e-04
1.400971814291551709e-04
1.400094479322433472e-04
1.399217726429924369e-04
1.398341846652328968e-04
1.397466694470494986e-04
1.396591978846117854e-04
1.395718572894111276e-04
1.394845021422952414e-04
1.393971760990098119e-04
1.393099810229614377e-04
1.392227713949978352e-04
1.391356490785256028e-04
1.390484540024772286e-04
1.389614626532420516e-04
1.388744858559221029e-04
1.387877127854153514e-04
1.387009979225695133e-04
1.386142976116389036e-04
1.385276264045387506e-04
1.384409697493538260e-04
1.383543421979993582e-04
1.382678456138819456e-04
1.381813053740188479e-04
1.380948815494775772e-04
1.380084868287667632e-04
1.379222085233777761e-04
1.378359884256497025e-04
1.377498847432434559e-04
1.376638247165828943e-04
1.375778374494984746e-04
1.374918647343292832e-04
1.374058774672448635e-04
1.373199484078213573e-04
1.372341648675501347e-04
1.371484249830245972e-04
1.370627287542447448e-04
1.369771343888714910e-04
1.368915400234982371e-04
1.368060766253620386e-04
1.367205113638192415e-04
1.366350916214287281e-04
1.365496864309534431e-04
1.364643685519695282e-04
1.363791525363922119e-04
1.362939656246453524e-04
1.362088369205594063e-04
1.361238246317952871e-04
1.360388123430311680e-04
1.359538437100127339e-04
1.358690496999770403e-04
1.357842702418565750e-04
1.356994180241599679e-04
1.356146385660395026e-04
1.355298882117494941e-04
1.354451960651203990e-04
1.353606203338131309e-04
1.352760591544210911e-04
1.351916725980117917e-04
1.351073005935177207e-04
1.350229140371084213e-04
1.349387166555970907e-04
1.348545047221705317e-04
1.347703509964048862e-04
1.346860954072326422e-04
1.346019416814669967e-04
1.345177879557013512e-04
1.344337215414270759e-04
1.343497569905593991e-04
1.342658360954374075e-04
1.341820170637220144e-04
1.340982707915827632e-04
1.340146554866805673e-04
1.339310256298631430e-04
1.338474103249609470e-04
1.337638095719739795e-04
1.336803252343088388e-04
1.335968263447284698e-04
1.335133856628090143e-04
1.334300031885504723e-04
1.333467662334442139e-04
1.332635874859988689e-04
1.331805106019601226e-04
1.330974191660061479e-04
1.330144441453740001e-04
1.329314254689961672e-04
1.328483776887878776e-04
1.327654463239014149e-04
1.326824713032692671e-04
1.325995981460437179e-04
1.325168123003095388e-04
1.324340410064905882e-04
1.323513715760782361e-04
1.322687749052420259e-04
1.321862800978124142e-04
1.321037998422980309e-04
1.320213632425293326e-04
1.319389120908454061e-04
1.318565045949071646e-04
1.317740679951384664e-04
1.316917478106915951e-04
1.316095440415665507e-04
1.315274566877633333e-04
1.314453402301296592e-04
1.313634274993091822e-04
1.312816166318953037e-04
1.311996893491595984e-04
1.311178057221695781e-04
1.310359220951795578e-04
1.309540821239352226e-04
1.308722421526908875e-04
1.307904749410226941e-04
1.307087659370154142e-04
1.306271005887538195e-04
1.305455807596445084e-04
1.304641336901113391e-04
1.303826429648324847e-04
1.303012686548754573e-04
1.302198506891727448e-04
1.301384327234700322e-04
1.300570293096825480e-04
1.299756986554712057e-04
1.298943971050903201e-04
1.298131974181160331e-04
1.297320850426331162e-04
1.296510890824720263e-04
1.295701076742261648e-04
1.294892572332173586e-04
1.294084649998694658e-04
1.293276291107758880e-04
1.292469678446650505e-04
1.291662483708932996e-04
1.290855871047824621e-04
1.290049840463325381e-04
1.289244682993739843e-04
1.288440398639068007e-04
1.287636114284396172e-04
1.286832848563790321e-04
1.286030892515555024e-04
1.285229518543928862e-04
1.284428872168064117e-04
1.283627498196437955e-04
1.282827288378030062e-04
1.282026642002165318e-04
1.281226577702909708e-04
1.280426804441958666e-04
1.279627467738464475e-04
1.278829586226493120e-04
1.278031995752826333e-04
1.277235714951530099e-04
1.276440161745995283e-04
1.275645045097917318e-04
1.274849491892382503e-04
1.274054520763456821e-04
1.273260422749444842e-04
1.272466615773737431e-04
1.271672081202268600e-04
1.270878419745713472e-04
1.270085194846615195e-04
1.269293134100735188e-04
1.268501509912312031e-04
1.267711922992020845e-04
1.266922190552577376e-04
1.266133331228047609e-04
1.265344471903517842e-04
1.264555467059835792e-04
1.263767044292762876e-04
1.262978621525689960e-04
1.262190053239464760e-04
1.261403085663914680e-04
1.260616845684126019e-04
1.259831042261794209e-04
1.259046694030985236e-04
1.258263800991699100e-04
1.257481053471565247e-04
1.256698160432279110e-04
1.255915703950449824e-04
1.255134120583534241e-04
1.254351809620857239e-04
1.253570371773093939e-04
1.252788642887026072e-04
1.252008514711633325e-04
1.251229114132001996e-04
1.250450150109827518e-04
1.249672059202566743e-04
1.248895714525133371e-04
1.248119951924309134e-04
1.247343898285180330e-04
1.246568572241812944e-04
1.245792809640988708e-04
1.245017774635925889e-04
1.244243030669167638e-04
1.243467850144952536e-04
1.242693688254803419e-04
1.241920253960415721e-04
1.241147547261789441e-04
1.240374840563163161e-04
1.239603443536907434e-04
1.238832192029803991e-04
1.238060940522700548e-04
1.237289543496444821e-04
1.236518291989341378e-04
1.235747331520542502e-04
1.234976225532591343e-04
1.234205701621249318e-04
1.233435759786516428e-04
1.232667127624154091e-04
1.231899950653314590e-04
1.231132191605865955e-04
1.230366178788244724e-04
1.229600457008928061e-04
1.228834880748763680e-04
1.228069595526903868e-04
1.227304455824196339e-04
1.226539607159793377e-04
1.225775195052847266e-04
1.225011365022510290e-04
1.224248117068782449e-04
1.223485742229968309e-04
1.222724094986915588e-04
1.221962447743862867e-04
1.221202255692332983e-04
1.220442572957836092e-04
1.219682744704186916e-04
1.218922479893080890e-04
1.218163015437312424e-04
1.217403623741120100e-04
1.216644232044927776e-04
1.215884840348735452e-04
1.215126903844065964e-04
1.214369185618124902e-04
1.213612413266673684e-04
1.212855568155646324e-04
1.212100250995717943e-04
1.211345006595365703e-04
1.210590344271622598e-04
1.209835245390422642e-04
1.209080728585831821e-04
1.208326939377002418e-04
1.207572931889444590e-04
1.206819943035952747e-04
1.206067172461189330e-04
1.205315857077948749e-04
1.204564614454284310e-04
1.203814390464685857e-04
1.203065330628305674e-04
1.202315470436587930e-04
1.201565828523598611e-04
1.200817205244675279e-04
1.200068509206175804e-04
1.199320322484709322e-04
1.198572790599428117e-04
1.197824822156690061e-04
1.197078163386322558e-04
1.196331941173411906e-04
1.195586009998805821e-04
1.194841679534874856e-04
1.194097785628400743e-04
1.193354910355992615e-04
1.192611962324008346e-04
1.191868213936686516e-04
1.191124756587669253e-04
1.190381954074837267e-04
1.189639006042852998e-04
1.188896785606630147e-04
1.188154128612950444e-04
1.187412854051217437e-04
1.186673252959735692e-04
1.185933942906558514e-04
1.185195214929990470e-04
1.184457069030031562e-04
1.183719505206681788e-04
1.182982668979093432e-04
1.182245468953624368e-04
1.181507759611122310e-04
1.180771432700566947e-04
1.180035469587892294e-04
1.179299288196489215e-04
1.178563761641271412e-04
1.177829544758424163e-04
1.177095691673457623e-04
1.176362857222557068e-04
1.175630968646146357e-04
1.174899516627192497e-04
1.174168355646543205e-04
1.173437485704198480e-04
1.172707052319310606e-04
1.171977055491879582e-04
1.171246258309110999e-04
1.170516989077441394e-04
1.169787210528738797e-04
1.169059469248168170e-04
1.168332746601663530e-04
1.167606096714735031e-04
1.166880465461872518e-04
1.166154688689857721e-04
1.165428984677419066e-04
1.164703426184132695e-04
1.163978668046183884e-04
1.163253546110354364e-04
1.162529370049014688e-04
1.161805121228098869e-04
1.161080726888030767e-04
1.160358297056518495e-04
1.159635794465430081e-04
1.158914383267983794e-04
1.158193408627994359e-04
1.157473307102918625e-04
1.156753860414028168e-04
1.156034486484713852e-04
1.155315039795823395e-04
1.154595374828204513e-04
1.153876728494651616e-04
1.153157500084489584e-04
1.152438926510512829e-04
1.151721371570602059e-04
1.151004325947724283e-04
1.150287498603574932e-04
1.149572490248829126e-04
1.148858282249420881e-04
1.148144874605350196e-04
1.147430666605941951e-04
1.146716749644838274e-04
1.146003123722039163e-04
1.145289788837544620e-04
1.144577036029659212e-04
1.143864792538806796e-04
1.143153203884139657e-04
1.142442415584810078e-04
1.141731772804632783e-04
1.141022294177673757e-04
1.140313397627323866e-04
1.139604937634430826e-04
1.138897132477723062e-04
1.138188963523134589e-04
1.137481449404731393e-04
1.136774080805480480e-04
1.136066712206229568e-04
1.135358907049521804e-04
1.134652338805608451e-04
1.133945916080847383e-04
1.133240293711423874e-04
1.132535180659033358e-04
1.131831450038589537e-04
1.131128665292635560e-04
1.130426171584986150e-04
1.129722950281575322e-04
1.129019728978164494e-04
1.128317235270515084e-04
1.127615614677779377e-04
1.126914139604195952e-04
1.126212955568917096e-04
1.125511844293214381e-04
1.124811897170729935e-04
1.124111877288669348e-04
1.123413385357707739e-04
1.122715402743779123e-04
1.122017638408578932e-04
1.121319437515921891e-04
1.120621382142417133e-04
1.119923908845521510e-04
1.119226726586930454e-04
1.118530126404948533e-04
1.117833890020847321e-04
1.117138090194202960e-04
1.116442581405863166e-04
1.115747727453708649e-04
1.115053019020706415e-04
1.114358747145161033e-04
1.113665930461138487e-04
1.112973113777115941e-04
1.112280660890974104e-04
1.111587916966527700e-04
1.110896264435723424e-04
1.110203666030429304e-04
1.109512013499625027e-04
1.108820870285853744e-04
1.108130672946572304e-04
1.107439966290257871e-04
1.106750496546737850e-04
1.106062627513892949e-04
1.105375777115114033e-04
1.104688708437606692e-04
1.104003094951622188e-04
1.103316390071995556e-04
1.102629830711521208e-04
1.101944508263841271e-04
1.101259113056585193e-04
1.100573790608905256e-04
1.099889122997410595e-04
1.099205110222101212e-04
1.098521242965944111e-04
1.097837739507667720e-04
1.097155909519642591e-04
1.096474006772041321e-04
1.095793631975539029e-04
1.095112966140732169e-04
1.094433391699567437e-04
1.093753598979674280e-04
1.093073879019357264e-04
1.092394231818616390e-04
1.091715676011517644e-04
1.091037120204418898e-04
1.090359000954777002e-04
1.089680081349797547e-04
1.089002980734221637e-04
1.088326316676102579e-04
1.087650598492473364e-04
1.086976189981214702e-04
1.086301490431651473e-04
1.085627081920392811e-04
1.084953619283623993e-04
1.084280083887279034e-04
1.083606839529238641e-04
1.082933449652045965e-04
1.082261078408919275e-04
1.081588998204097152e-04
1.080917354556731880e-04
1.080247020581737161e-04
1.079576322808861732e-04
1.078906425391323864e-04
1.078237546607851982e-04
1.077568886103108525e-04
1.076900080079212785e-04
1.076232365448959172e-04
1.075564869097433984e-04
1.074896936188451946e-04
1.074230240192264318e-04
1.073562671081162989e-04
1.072895756806246936e-04
1.072228988050483167e-04
1.071562001015990973e-04
1.070896396413445473e-04
1.070232174242846668e-04
1.069568825187161565e-04
1.068905694410204887e-04
1.068242927431128919e-04
1.067580815288238227e-04
1.066919212462380528e-04
1.066257755155675113e-04
1.065596661646850407e-04
1.064936222974210978e-04
1.064275347744114697e-04
1.063615272869355977e-04
1.062955489032901824e-04
1.062296141753904521e-04
1.061637231032364070e-04
1.060978829627856612e-04
1.060322392731904984e-04
1.059665519278496504e-04
1.059008718584664166e-04
1.058352354448288679e-04
1.057696208590641618e-04
1.057039917213842273e-04
1.056384571711532772e-04
1.055728716892190278e-04
1.055073735187761486e-04
1.054418826242908835e-04
1.053764353855513036e-04
1.053111118380911648e-04
1.052458392223343253e-04
1.051806975738145411e-04
1.051154831657186151e-04
1.050502687576226890e-04
1.049850980052724481e-04
1.049200145644135773e-04
1.048548656399361789e-04
1.047897967509925365e-04
1.047246696543879807e-04
1.046596516971476376e-04
1.045946191879920661e-04
1.045296376105397940e-04
1.044647360686212778e-04
1.043999363901093602e-04
1.043352458509616554e-04
1.042705116560682654e-04
1.042058283928781748e-04
1.041412033373489976e-04
1.040765637299045920e-04
1.040119168465025723e-04
1.039472845150157809e-04
1.038826812873594463e-04
1.038181071635335684e-04
1.037536276271566749e-04
1.036892717820592225e-04
1.036248213495127857e-04
1.035604582284577191e-04
1.034962479025125504e-04
1.034321248880587518e-04
1.033679218380711973e-04
1.033037988236173987e-04
1.032396467053331435e-04
1.031755746225826442e-04
1.031114443321712315e-04
1.030474013532511890e-04
1.029834020300768316e-04
1.029194318107329309e-04
1.028554688673466444e-04
1.027915786835364997e-04
1.027277758112177253e-04
1.026640529744327068e-04
1.026003956212662160e-04
1.025368037517182529e-04
1.024732191581279039e-04
1.024096927721984684e-04
1.023460936266928911e-04
1.022825890686362982e-04
1.022190190269611776e-04
1.021554926410317421e-04
1.020920317387208343e-04
1.020285271806642413e-04
1.019650881062261760e-04
1.019017363432794809e-04
1.018384427879936993e-04
1.017753020278178155e-04
1.017122121993452311e-04
1.016492096823640168e-04
1.015861416817642748e-04
1.015231173369102180e-04
1.014601220958866179e-04
1.013970831991173327e-04
1.013341025100089610e-04
1.012711290968582034e-04
1.012082575471140444e-04
1.011454296531155705e-04
1.010826599667780101e-04
1.010199048323556781e-04
1.009572297334671021e-04
1.008946419460698962e-04
1.008321487461216748e-04
1.007697646855376661e-04
1.007073151413351297e-04
1.006449238047935069e-04
1.005825688480399549e-04
1.005202211672440171e-04
1.004579244181513786e-04
1.003955767373554409e-04
1.003332727123051882e-04
1.002710123430006206e-04
1.002086864900775254e-04
1.001465498120523989e-04
1.000844858936034143e-04
1.000224801828153431e-04
9.996054723160341382e-05
